obj_poses = [[-0.01793201091544594, -0.35330266031967056, 0], [-0.2728921306656015, -0.6730246846120427, 0], [0.013141888349036068, -0.5697556955212337, 0], [-0.24894989701788559, -0.46046068652329647, 0]]
obj_goal_poses = [[-0.15288331884556092, -0.5124363878239899, 0], [0.31785322683056105, -0.4178343070771349, 0], [-0.0029633554306724985, -0.43757847228121827, 0], [-0.09390285373773566, -0.64855951356167, 0]]
obj_polys = [[(-0.06967660421008588, -0.014462174313001508), (-0.044189258820157326, 0.05577896615242833), (0.0696766042100859, 0.014462174313001508), (0.04418925882015734, -0.05577896615242833), (-0.06967660421008588, -0.014462174313001508)], [(0.024866186364297882, -0.023457875088043867), (0.03390536038088279, -0.007730245072118724), (0.029993839132784472, 0.010950075819989413), (0.014625690789059231, 0.02544783992824995), (-0.006328974327140413, 0.03022539412418568), (-0.024866186364297882, 0.023457875088043867), (-0.033905360380882765, 0.007730245072118724), (-0.029993839132784472, -0.010950075819989413), (-0.014625690789059231, -0.02544783992824995), (0.006328974327140413, -0.03022539412418568), (0.024866186364297882, -0.023457875088043867)], [(0.059065467751200584, 0.05892941812525232), (0.013147124291226601, 0.06258802341738168), (-0.03779297379367654, 0.04234013105274548), (-0.07429744042532929, 0.005919747714085433), (-0.08242281009162676, -0.03276177804653069), (-0.059065467751200605, -0.05892941812525232), (-0.013147124291226608, -0.06258802341738168), (0.03779297379367653, -0.04234013105274548), (0.07429744042532929, -0.005919747714085433), (0.08242281009162676, 0.03276177804653069), (0.059065467751200584, 0.05892941812525232)], [(0.04424894945287908, -0.04171489931550171), (0.060317554709134524, -0.030362886735499472), (0.05334690418478186, -0.007413283419099748), (0.02599954945642649, 0.018367942195160136), (-0.01127874947209992, 0.037133238194262064), (-0.04424894945287913, 0.04171489931550176), (-0.0603175547091345, 0.030362886735499472), (-0.05334690418478186, 0.007413283419099692), (-0.02599954945642649, -0.01836794219516008), (0.01127874947209992, -0.037133238194262064), (0.04424894945287908, -0.04171489931550171)]]
action_types = [0, 0, 0, 1]
