obj_poses = [[0.264217346017277, -0.4089198979055772, 0], [-0.00011486874757343779, -0.38911082184588397, 0], [-0.24984200244087812, -0.49493416547443725, 0], [0.03511699525254475, -0.6107618067427747, 0], [0.23937229600524013, -0.6491935316156364, 0]]
obj_goal_poses = [[-0.20420092700104006, -0.5314424471508299, 0], [0.03919153597410202, -0.5050091733147616, 0], [-0.1408408921098466, -0.38072056516610503, 0], [0.24264127800607982, -0.616145513866025, 0], [-0.23378366715812662, -0.6436380693539555, 0]]
obj_polys = [[(0.09121353768518431, -0.008089751002207324), (0.07854833843818954, 0.011140207216627784), (0.035880343667636205, 0.02611498492042791), (-0.020492722855927153, 0.031114726000315562), (-0.06903826577055805, 0.024229699298722762), (-0.09121353768518434, 0.008089751002207324), (-0.07854833843818954, -0.011140207216627784), (-0.035880343667636205, -0.02611498492042791), (0.020492722855927126, -0.031114726000315562), (0.06903826577055805, -0.024229699298722762), (0.09121353768518431, -0.008089751002207324)], [(0.05751915647796606, -0.0581558121532289), (0.08071710381154573, -0.023487486251505374), (0.07308386096256862, 0.020152261087997336), (0.03753506725496196, 0.05609452964204703), (-0.012350846374026999, 0.07061059445577322), (-0.057519156477966016, 0.05815581215322896), (-0.0807171038115457, 0.02348748625150543), (-0.07308386096256864, -0.02015226108799728), (-0.037535067254961973, -0.05609452964204703), (0.012350846374026992, -0.07061059445577322), (0.05751915647796606, -0.0581558121532289)], [(-0.029137057928810328, -0.05264095074178532), (-0.05979500884916378, 0.006677930553273814), (0.029137057928810328, 0.05264095074178532), (0.05979500884916375, -0.006677930553273814), (-0.029137057928810328, -0.05264095074178532)], [(-0.07027609364233207, 0.03708624145129924), (-0.07865329984296332, -0.01997793226518585), (-0.0569876188309194, -0.06941121488131319), (-0.013554604363387845, -0.09233177261320136), (0.0350558082669003, -0.07998473144837326), (0.07027609364233206, -0.03708624145129935), (0.0786532998429633, 0.01997793226518585), (0.05698761883091939, 0.06941121488131308), (0.013554604363387845, 0.09233177261320136), (-0.0350558082669003, 0.07998473144837337), (-0.07027609364233207, 0.03708624145129924)], [(0.041212001655241415, -0.05201460024375526), (0.06391462463846659, -0.03690066350735832), (0.06220403338798902, -0.007691927518573394), (0.03673361562063293, 0.024454863343305933), (-0.0027677947841308614, 0.047260727598276264), (-0.04121200165524136, 0.05201460024375526), (-0.06391462463846659, 0.03690066350735832), (-0.06220403338798905, 0.007691927518573394), (-0.03673361562063293, -0.024454863343305933), (0.0027677947841308614, -0.047260727598276264), (0.041212001655241415, -0.05201460024375526)]]
action_types = [1, 1, 0, 1, 1]
