obj_poses = [[0.0676690438361211, -0.33808834867817905, 0], [-0.20368086137081698, -0.6297921348270266, 0], [0.2744102823299207, -0.621650974147762, 0], [0.056064124635673784, -0.6347229430187648, 0], [-0.039761240089091876, -0.48460810742483285, 0], [0.27813680482059855, -0.45287404332239306, 0], [-0.2780639082759865, -0.42340380168071456, 0]]
obj_goal_poses = [[0.010952034154215806, -0.48148834008366864, 0], [0.20715255832803503, -0.6639424911742069, 0], [0.19522318352688817, -0.33239429661254966, 0], [-0.11721096888209925, -0.5837350668913452, 0], [0.2229501936645305, -0.4889733437249532, 0], [-0.19327917589943253, -0.30333101475563334, 0], [-0.2597454724239979, -0.4776406939328961, 0]]
obj_polys = [[(-0.06010785456169063, -0.03612086092620309), (-0.05384219960435772, 0.044929815443911614), (0.06010785456169063, 0.03612086092620309), (0.05384219960435771, -0.044929815443911614), (-0.06010785456169063, -0.03612086092620309)], [(0.026511862948080916, -0.07797361305865591), (-0.02390455130347352, -0.021244503343388677), (-0.037066814823968175, 0.01966934287569655), (-0.047219776660989254, 0.031093568389107262), (-0.025333600032132697, 0.05054429752695866), (-0.015180638195111673, 0.039120072013547946), (0.02390455130347352, 0.021244503343388677), (0.07432096555502798, -0.03548460637187867), (0.026511862948080916, -0.07797361305865591)], [(0.016995476946056742, 0.08793752887313222), (-0.037938752917803076, 0.0774296183722375), (-0.0783816686578464, 0.0373462253890815), (-0.08888545106552473, -0.0170021563411894), (-0.06543801227153823, -0.06485629223116551), (-0.016995476946056742, -0.08793752887313222), (0.037938752917803076, -0.0774296183722375), (0.0783816686578464, -0.0373462253890815), (0.08888545106552476, 0.0170021563411894), (0.06543801227153823, 0.06485629223116551), (0.016995476946056742, 0.08793752887313222)], [(-0.020770453946271916, -0.0714918175138558), (-0.027659885826495634, -0.002773054867065583), (-0.01667810133671082, 0.03290459487817765), (-0.018037497868115995, 0.046463920118427926), (0.008454696259099434, 0.049119907504801996), (0.009814092790504603, 0.03556058226455172), (0.02765988582649563, 0.002773054867065583), (0.034549317706719346, -0.06594570777972464), (-0.020770453946271916, -0.0714918175138558)], [(0.11183541330145129, -0.07695927301088579), (-0.010562645165198024, -0.05218493347773179), (-0.07071925091485784, -0.012406944958819777), (-0.09690744462175868, -0.007106246477303013), (-0.08651605029784937, 0.04423261921902666), (-0.060327856590948525, 0.038931920737509895), (0.010562645165198024, 0.05218493347773179), (0.13296070363184734, 0.0274105939445779), (0.11183541330145129, -0.07695927301088579)], [(-0.08742760646466549, -0.0118126985444576), (-0.018310365058804012, 0.030155360112163465), (0.02648720372557678, 0.035288410673908366), (0.04097714134797076, 0.04408671540508996), (0.05801749982672111, 0.01602293050965986), (0.04352756220432713, 0.007224625778478266), (0.018310365058804012, -0.030155360112163465), (-0.05080687634705752, -0.07212341876878453), (-0.08742760646466549, -0.0118126985444576)], [(-0.0072041828215443915, -0.07541279799277728), (-0.025906463247769185, -0.007091654431663097), (-0.022044358837845612, 0.028971133803786076), (-0.025526673682944145, 0.041692348919530275), (0.0007331326143263928, 0.04888072773919372), (0.004215447459424926, 0.03615951262344952), (0.025906463247769185, 0.007091654431663097), (0.044608743673994034, -0.06122948912945103), (-0.0072041828215443915, -0.07541279799277728)]]
action_types = [0, 0, 0, 0, 1, 0, 1]
