obj_poses = [[-0.23230231499249296, -0.5626983506677802, 0], [-0.1283694417373345, -0.35322921434292176, 0], [0.20600879209223755, -0.35020837579761327, 0], [-0.07256571671056533, -0.6784150666006163, 0], [0.1883147610892505, -0.5235985436609802, 0], [0.32255159115725374, -0.6455943439438581, 0], [0.03715500744391348, -0.5002969836850115, 0]]
obj_goal_poses = [[0.003908213423889917, -0.6752727624570775, 0], [0.3187528154927366, -0.44647569377135676, 0], [-0.3034591845920073, -0.45088261790006323, 0], [-0.07845233500556592, -0.448254676528021, 0], [0.2961899681904996, -0.6779023084699393, 0], [0.239341766665233, -0.3157635292362233, 0], [-0.2076951352256853, -0.6640344423763508, 0]]
obj_polys = [[(-0.049759412207143, 0.04614826951897677), (0.009032581362524994, 0.024245556765410514), (0.03408589411655377, 0.00044427159805815464), (0.0451889629402315, -0.003692130526831705), (0.03658982731597629, -0.026774217755665908), (0.02548675849229859, -0.022637815630775937), (-0.009032581362524994, -0.024245556765410514), (-0.06782457493219299, -0.0023428440118442584), (-0.049759412207143, 0.04614826951897677)], [(0.04635865065566275, -0.0457111259142961), (-0.009369520658185276, -0.02237545284460013), (-0.03365603457432642, 0.0008826852371016103), (-0.04524209207326138, 0.005734243140180728), (-0.03582907058630455, 0.028213580780854064), (-0.024243013087369564, 0.023362022877774946), (0.009369520658185276, 0.02237545284460013), (0.0650976919720333, -0.0009602202250958425), (0.04635865065566275, -0.0457111259142961)], [(0.023113516487332314, -0.08574266457238827), (-0.025297348127440167, -0.018106747963355208), (-0.03627879940987211, 0.02310030960257986), (-0.04526678976987847, 0.03565763472597128), (-0.01915491308381881, 0.05434738701237174), (-0.010166922723812477, 0.04179006188898032), (0.025297348127440167, 0.018106747963355208), (0.07370821274221262, -0.04952916864567786), (0.023113516487332314, -0.08574266457238827)], [(-0.04467214254704083, -0.021816929717528133), (-0.03863698668064339, 0.03128517224313265), (0.04467214254704082, 0.021816929717528133), (0.038636986680643394, -0.03128517224313265), (-0.04467214254704083, -0.021816929717528133)], [(0.0037400569974173348, -0.054971999396456916), (-0.04956970587206466, -0.024057285876528), (-0.0037400569974173348, 0.05497199939645697), (0.04956970587206466, 0.024057285876528), (0.0037400569974173348, -0.054971999396456916)], [(-0.02628199387612723, 0.03428230381404107), (-0.041413212288348544, 0.015916392210179042), (-0.04072599118973563, -0.00852904023969725), (-0.02448282568217236, -0.02971666920942484), (0.001111947095341792, -0.03955354057358962), (0.026281993876127174, -0.03428230381404118), (0.041413212288348544, -0.015916392210179042), (0.04072599118973563, 0.00852904023969725), (0.02448282568217236, 0.02971666920942484), (-0.001111947095341792, 0.03955354057358962), (-0.02628199387612723, 0.03428230381404107)], [(-0.07841869387752151, -0.012422445001298854), (-0.014310023331841313, 0.024707636731776783), (0.023791851059956688, 0.03118142359101228), (0.03652321694776714, 0.03855510100413634), (0.05161734582899841, 0.01249363034599621), (0.038885979941187976, 0.005119952932872207), (0.01431002333184131, -0.024707636731776783), (-0.0497986472138389, -0.06183771846485231), (-0.07841869387752151, -0.012422445001298854)]]
action_types = [0, 0, 1, 1, 1, 0, 1]