obj_poses = [[0.1766046906678701, -0.5681444098578522, 0], [0.06452119149105096, -0.47926739561934395, 0], [0.19479506149904913, -0.4262663985287478, 0], [-0.18249860327600687, -0.43853257601606405, 0], [-0.032009802036330415, -0.5971751938155976, 0]]
obj_goal_poses = [[-0.2104851518632743, -0.6085607903959971, 0], [-0.1952327105442537, -0.3954835119774704, 0], [0.25703265371944584, -0.5176442252789156, 0], [0.046788952891298474, -0.6573264239534439, 0], [-0.112693045580917, -0.4786268516605963, 0]]
obj_polys = [[(-0.09420358515775772, 0.009876121161554896), (-0.030956792756766077, 0.08951832330862353), (0.09420358515775773, -0.009876121161554896), (0.030956792756766077, -0.08951832330862353), (-0.09420358515775772, 0.009876121161554896)], [(0.02028027737331435, 0.053867234936678), (-0.015255277231904098, 0.028931000545685093), (-0.04496383444233765, -0.007055892725217727), (-0.05749773516032141, -0.040347674796060495), (-0.04806945532320226, -0.05822801646183562), (-0.020280277373314393, -0.053867234936678), (0.01525527723190409, -0.028931000545685093), (0.04496383444233765, 0.007055892725217616), (0.05749773516032139, 0.04034767479606044), (0.04806945532320227, 0.05822801646183562), (0.02028027737331435, 0.053867234936678)], [(0.04199737312975235, -0.034244212693740395), (-0.015413753084871779, -0.0519505694738025), (-0.04199737312975235, 0.034244212693740395), (0.015413753084871779, 0.0519505694738025), (0.04199737312975235, -0.034244212693740395)], [(-0.07849019345356617, -0.048145103360688724), (-0.07585375977214348, 0.05220027370061947), (0.07849019345356617, 0.048145103360688724), (0.07585375977214351, -0.05220027370061947), (-0.07849019345356617, -0.048145103360688724)], [(-0.006814946172349318, -0.04935709333288474), (0.023497964287911663, -0.062040639133930764), (0.04483545105662158, -0.05102676946958207), (0.04904731942263447, -0.020522408203958453), (0.034524778826273785, 0.017820815464577477), (0.006814946172349328, 0.04935709333288474), (-0.023497964287911663, 0.062040639133930764), (-0.04483545105662158, 0.05102676946958207), (-0.049047319422634475, 0.020522408203958453), (-0.03452477882627379, -0.017820815464577477), (-0.006814946172349318, -0.04935709333288474)]]
action_types = [1, 1, 0, 1, 0]
