obj_poses = [[0.1667213591302641, -0.44095818943732734, 0], [-0.16068923802386367, -0.5962672704961958, 0], [-0.20531505424685254, -0.40322213992770795, 0], [0.0549563287030303, -0.6011121052343766, 0], [0.26055698369210156, -0.5821818417424137, 0], [0.33543569290413866, -0.4465934407649201, 0], [0.006013431436880934, -0.4440961372788651, 0]]
obj_goal_poses = [[0.33854955059224134, -0.6109490002251676, 0], [0.3528342419354059, -0.4276034671898158, 0], [0.03730112396386581, -0.48795395866711033, 0], [-0.2867797941577211, -0.5304227673074076, 0], [-0.17069472181053072, -0.3015761965755525, 0], [0.052838111343875394, -0.3008059590419521, 0], [0.05204770801461833, -0.6901156841981235, 0]]
obj_polys = [[(-0.0739864509399281, -0.009356788895460877), (-0.014208893869712524, 0.024838724971513904), (0.023789100072544728, 0.030185906298893173), (0.035562664451064985, 0.036920926993976255), (0.04985259858227206, 0.011940534642486123), (0.038079034203751805, 0.00520551394740304), (0.014208893869712524, -0.024838724971513904), (-0.04556866320050307, -0.059034238838488684), (-0.0739864509399281, -0.009356788895460877)], [(0.03330820641420876, -0.003553438916880647), (0.029035564031508088, 0.019634111028203782), (0.013672323071295234, 0.03532209789940355), (-0.00691328059698304, 0.03751824392698233), (-0.024858246050978944, 0.02538369597266321), (-0.03330820641420876, 0.003553438916880647), (-0.029035564031508088, -0.019634111028203782), (-0.013672323071295261, -0.03532209789940355), (0.00691328059698304, -0.03751824392698233), (0.024858246050978944, -0.02538369597266321), (0.03330820641420876, -0.003553438916880647)], [(0.02241489990093104, 0.04165232572331168), (-0.006348587836778524, 0.031331640491366), (-0.03268713080140284, 0.009043333515010965), (-0.046540300794604916, -0.01669921949247727), (-0.042616657730911583, -0.03606323823943386), (-0.02241489990093104, -0.04165232572331168), (0.0063485878367784965, -0.03133164049136605), (0.03268713080140284, -0.009043333515010965), (0.04654030079460489, 0.016699219492477213), (0.04261665773091161, 0.036063238239433915), (0.02241489990093104, 0.04165232572331168)], [(-0.0183188103345807, 0.04644552954630843), (0.036843890082783645, 0.03369412100766411), (0.0183188103345807, -0.04644552954630843), (-0.036843890082783645, -0.03369412100766411), (-0.0183188103345807, 0.04644552954630843)], [(0.048633567384475385, 0.002029113589740339), (0.038152699467844164, 0.026736929197188064), (0.013098797117056471, 0.0412321466061093), (-0.01695840052070771, 0.03997808544061554), (-0.0405380655543954, 0.023453754441953856), (-0.04863356738447544, -0.002029113589740339), (-0.038152699467844164, -0.026736929197188064), (-0.013098797117056471, -0.0412321466061093), (0.01695840052070763, -0.03997808544061554), (0.040538065554395375, -0.023453754441953856), (0.048633567384475385, 0.002029113589740339)], [(0.030559735182733527, -0.016706695472772315), (0.03454329431986641, 0.009980532901151529), (0.025332489110201528, 0.032855536932672014), (0.0064455340800761984, 0.04318084257453936), (-0.014903395892992388, 0.03701253401579113), (-0.030559735182733527, 0.016706695472772315), (-0.03454329431986641, -0.009980532901151529), (-0.025332489110201528, -0.032855536932672014), (-0.0064455340800761984, -0.04318084257453936), (0.014903395892992444, -0.037012534015791076), (0.030559735182733527, -0.016706695472772315)], [(0.0022523063457751073, -0.05693101993253491), (-0.051318051786031695, -0.024752201423713316), (-0.0022523063457751073, 0.05693101993253491), (0.051318051786031695, 0.024752201423713316), (0.0022523063457751073, -0.05693101993253491)]]
action_types = [1, 1, 0, 1, 0, 1, 0]
