obj_poses = [[-0.0026035128436560084, -0.4115430330609756, 0], [0.01657742314796007, -0.6340450714328362, 0], [0.1732505147628618, -0.4237600583356586, 0], [-0.2551057649511591, -0.4985335300042627, 0]]
obj_goal_poses = [[0.11289474380050823, -0.531499143574387, 0], [-0.2260781220276245, -0.35116208266430684, 0], [-0.13985631177148888, -0.4929964752713177, 0], [0.31447557091921163, -0.4332275331897297, 0]]
obj_polys = [[(-0.1114286620388305, 0.011294844166005458), (-0.03000911852843645, 0.10790446252887093), (0.1114286620388305, -0.011294844166005458), (0.03000911852843645, -0.10790446252887098), (-0.1114286620388305, 0.011294844166005458)], [(-0.054731795374080947, 0.05523939456178584), (0.03235453315331223, 0.07071169861383719), (0.05473179537408093, -0.05523939456178584), (-0.032354533153312236, -0.07071169861383719), (-0.054731795374080947, 0.05523939456178584)], [(0.046060108093217034, -0.10378324479559226), (-0.02938420958774296, -0.030077204410284608), (-0.05068905620082845, 0.02164186963564868), (-0.06595498881549422, 0.03655606702522768), (-0.03808327767521308, 0.06508510234698511), (-0.022817345060547306, 0.050170904957406115), (0.02938420958774296, 0.030077204410284553), (0.10482852726870295, -0.04362883597502315), (0.046060108093217034, -0.10378324479559226)], [(-0.04566979343080907, 0.03010161249571819), (0.011474184708570478, 0.05348065250283279), (0.04566979343080907, -0.03010161249571819), (-0.011474184708570478, -0.05348065250283285), (-0.04566979343080907, 0.03010161249571819)]]
action_types = [0, 0, 1, 1]
