obj_poses = [[0.30048265066356816, -0.3508147358008999, 0], [0.14086828619479433, -0.653238840836667, 0], [-0.23999973072328343, -0.37081259806006217, 0], [0.029926785580489557, -0.33328419396853887, 0], [0.011456785633412903, -0.513917584901584, 0], [-0.18080632180559044, -0.6147941789247298, 0]]
obj_goal_poses = [[0.03902692102361932, -0.45187232116780157, 0], [-0.2162732887025263, -0.42607142163929146, 0], [0.2565237693614829, -0.6824094299688817, 0], [0.047504731827400115, -0.6557027281063796, 0], [-0.21753752834151008, -0.6842720333975986, 0], [0.14908599366814272, -0.30242239431816497, 0]]
obj_polys = [[(-0.072966852596826, -0.08123496706468676), (-0.09285097390638523, 0.057462841006370925), (0.072966852596826, 0.08123496706468676), (0.09285097390638523, -0.057462841006370925), (-0.072966852596826, -0.08123496706468676)], [(-0.059529683571668594, -0.010015148586205336), (-0.042273769040753695, -0.03750544965356606), (-0.008870711568833942, -0.05066994371661249), (0.02792065621798359, -0.04448024148795704), (0.054047282317732315, -0.021300598838705276), (0.0595296835716686, 0.010015148586205336), (0.042273769040753695, 0.03750544965356606), (0.008870711568833942, 0.05066994371661249), (-0.02792065621798348, 0.04448024148795704), (-0.05404728231773233, 0.021300598838705276), (-0.059529683571668594, -0.010015148586205336)], [(-0.05396158708861391, 0.04300657865193021), (-0.018024323148007976, 0.06291245325520635), (0.023365191943734088, 0.05905811904295922), (0.056403723994187575, 0.03388513702951828), (0.06903963745588806, -0.005151986891128512), (0.05396158708861391, -0.04300657865193013), (0.018024323148007993, -0.06291245325520635), (-0.023365191943733984, -0.05905811904295922), (-0.05640372399418762, -0.033885137029518286), (-0.06903963745588802, 0.0051519868911285155), (-0.05396158708861391, 0.04300657865193021)], [(0.11407756037267217, -0.06721934076435408), (-0.005459570490205646, -0.07531717065215725), (-0.035406568086117605, -0.06446072143735154), (-0.08648596344783097, -0.06792100404096771), (-0.09485613326959746, 0.055636306891930304), (-0.04377673790788416, 0.05909658949554647), (-0.015567529098486734, 0.07389272726562114), (0.10396960176439105, 0.0819905571534243), (0.11407756037267217, -0.06721934076435408)], [(-0.07728210772327573, 0.009492249435809619), (-0.0074211638096864825, 0.028004998476536647), (0.03247414174267482, 0.024536195636237546), (0.04630054170377394, 0.028200112243679187), (0.054189658827081114, -0.00157078605276606), (0.04036325886598199, -0.005234702660207646), (0.0074211638096864825, -0.02800499847653659), (-0.062439780103902776, -0.046517747517263675), (-0.07728210772327573, 0.009492249435809619)], [(-0.026180894424863432, 0.0005828436849820706), (-0.021523375440075154, -0.025338578673584355), (-0.00864465858980279, -0.04158152520545488), (0.007536024020635357, -0.04194174241290205), (0.020838201595226563, -0.026281639566013704), (0.026180894424863432, -0.0005828436849821816), (0.021523375440075154, 0.025338578673584355), (0.00864465858980279, 0.04158152520545488), (-0.007536024020635357, 0.04194174241290205), (-0.020838201595226535, 0.026281639566013704), (-0.026180894424863432, 0.0005828436849820706)]]
action_types = [0, 1, 0, 1, 1, 0]
