obj_poses = [[0.041830790438058485, -0.4467988431273016, 0], [0.2927453175310788, -0.5483639260652774, 0], [-0.08650503970615725, -0.5402823113638211, 0], [-0.21804453242789817, -0.33876012446065734, 0], [-0.24146734074749276, -0.515229279487713, 0]]
obj_goal_poses = [[-0.23581250133824094, -0.5489448901882326, 0], [0.033975329128212115, -0.5280828298145956, 0], [0.20546346705939766, -0.49929845279755863, 0], [0.004877865276326443, -0.6492670285554674, 0], [0.27625224156725947, -0.6280332912916937, 0]]
obj_polys = [[(-0.07167024412710048, -0.027261615299557673), (-0.05508334615800442, 0.053344583024115155), (0.07167024412710048, 0.027261615299557673), (0.05508334615800442, -0.05334458302411521), (-0.07167024412710048, -0.027261615299557673)], [(-0.10469526147455083, 0.02004446515074254), (-0.007673504971079159, 0.03909011995349099), (0.04542599428791322, 0.028877416463474637), (0.06353314426756351, 0.03243190300754861), (0.0710788477857025, -0.006007174932613268), (0.052971697806052154, -0.009561661476687244), (0.007673504971079159, -0.03909011995349099), (-0.08934825153239251, -0.058135774756239544), (-0.10469526147455083, 0.02004446515074254)], [(-0.08412054052313134, -0.0052079945499600155), (-0.031687548023635215, 0.0780979375232535), (0.08412054052313135, 0.0052079945499600155), (0.031687548023635236, -0.07809793752325345), (-0.08412054052313134, -0.0052079945499600155)], [(0.01205214974077587, -0.04416054247691498), (0.035707309560205236, -0.03418610893041252), (0.04572349077445023, -0.011153743715598796), (0.038274852597147524, 0.016138972496768045), (0.01620652164212663, 0.0372671497588693), (-0.01205214974077587, 0.04416054247691498), (-0.035707309560205236, 0.03418610893041252), (-0.04572349077445026, 0.011153743715598852), (-0.038274852597147524, -0.016138972496768045), (-0.01620652164212663, -0.0372671497588693), (0.01205214974077587, -0.04416054247691498)], [(0.05521249462477898, 0.03467722385936056), (0.024285085678304785, 0.04281208190452551), (-0.01591840057757854, 0.03459417979130597), (-0.050041598859362824, 0.013162476810732349), (-0.06505060722825845, -0.013296844935408725), (-0.05521249462477895, -0.03467722385936056), (-0.024285085678304785, -0.042812081904525456), (0.01591840057757854, -0.03459417979130597), (0.050041598859362824, -0.013162476810732349), (0.06505060722825845, 0.013296844935408725), (0.05521249462477898, 0.03467722385936056)]]
action_types = [1, 1, 1, 1, 0]
