obj_poses = [[0.06730208012557876, -0.3877378995835188, 0], [0.32525111308959487, -0.452016293514497, 0], [-0.06196112290072686, -0.628911561425696, 0], [-0.23734151289741934, -0.6694250275088387, 0], [-0.12243013495331095, -0.3360362289143828, 0], [-0.22196460861192296, -0.4988214455464297, 0], [0.13748959086039636, -0.6206790462895228, 0], [0.24283053285560696, -0.3265221468377794, 0]]
obj_goal_poses = [[0.2696514261622295, -0.6680188910873284, 0], [0.09995461661677119, -0.30855571247811237, 0], [0.06765005531642426, -0.4746372885749205, 0], [-0.255710689189177, -0.4189747892450883, 0], [-0.06288520797897368, -0.662933570167454, 0], [0.28766923179873183, -0.4739242348926523, 0], [-0.0672397586437421, -0.35017205609198915, 0], [0.2521174875466111, -0.3191161997982953, 0]]
obj_polys = [[(-0.04596719478669336, -0.06557410056859492), (-0.07806982855035781, 0.017833887182993613), (0.045967194786693366, 0.06557410056859492), (0.0780698285503578, -0.017833887182993613), (-0.04596719478669336, -0.06557410056859492)], [(0.04029852161178904, -0.01734090054669829), (0.04279491443494321, 0.010768946933347123), (0.028945104489592477, 0.0347654227078979), (0.004039248437134657, 0.045482688641289015), (-0.022409463229303705, 0.03882711341343653), (-0.04029852161178904, 0.017340900546698235), (-0.04279491443494321, -0.010768946933347123), (-0.028945104489592477, -0.0347654227078979), (-0.004039248437134657, -0.045482688641289015), (0.022409463229303705, -0.03882711341343653), (0.04029852161178904, -0.01734090054669829)], [(-0.023826104486767863, 0.08089839101623697), (-0.06682660461308232, 0.052549833734026885), (-0.08430161312994988, 0.0041290260685743485), (-0.06957627073762102, -0.045868929214639254), (-0.028275157733985617, -0.07834651256542358), (0.02382610448676787, -0.08089839101623697), (0.06682660461308235, -0.052549833734026885), (0.08430161312994988, -0.0041290260685743485), (0.06957627073762102, 0.045868929214639254), (0.028275157733985604, 0.07834651256542358), (-0.023826104486767863, 0.08089839101623697)], [(-0.049417411332174976, -0.022811176158113233), (-0.039337547751309154, 0.037616321423064814), (0.049417411332174976, 0.022811176158113233), (0.039337547751309154, -0.037616321423064814), (-0.049417411332174976, -0.022811176158113233)], [(-0.0038408972605328273, -0.03161975406584533), (0.01547827396359959, -0.03860192136025603), (0.028885270620819553, -0.030839466726099496), (0.03125907567512519, -0.011297383997494415), (0.021692976278438053, 0.01255991543419438), (0.0038408972605328273, 0.03161975406584533), (-0.015478273963599631, 0.03860192136025603), (-0.028885270620819553, 0.030839466726099496), (-0.0312590756751252, 0.011297383997494415), (-0.021692976278438053, -0.01255991543419438), (-0.0038408972605328273, -0.03161975406584533)], [(0.10884846443316787, -0.01961167666223762), (0.008797412551136419, -0.04105235565637322), (-0.05062650571108879, -0.033194400748306374), (-0.07097501051222843, -0.0375550321584216), (-0.08013157728164988, 0.005173285221790391), (-0.059783072480510235, 0.009533916631905726), (-0.008797412551136419, 0.04105235565637322), (0.09125363933089509, 0.062493034650508816), (0.10884846443316787, -0.01961167666223762)], [(0.011897498902871423, -0.06531408028202346), (-0.056082712318173106, -0.03552758002267353), (-0.011897498902871423, 0.06531408028202346), (0.056082712318173106, 0.03552758002267353), (0.011897498902871423, -0.06531408028202346)], [(0.010021582067754164, 0.03614110265244597), (-0.013135576937359783, 0.026200240934208585), (-0.03127539201424151, 0.006251777692539817), (-0.03746907035316002, -0.016084652137570765), (-0.029350837344032432, -0.032277291548347964), (-0.010021582067754164, -0.03614110265244597), (0.013135576937359783, -0.026200240934208585), (0.03127539201424151, -0.006251777692539817), (0.03746907035316005, 0.01608465213757071), (0.029350837344032488, 0.03227729154834791), (0.010021582067754164, 0.03614110265244597)]]
action_types = [0, 0, 0, 1, 1, 0, 1, 1]
