obj_poses = [[0.22981311511517388, -0.5861205167825201, 0], [-0.06331477409665826, -0.6778945058898646, 0], [0.301791265455647, -0.3558089568292536, 0], [0.0050348983997040575, -0.48636173893077134, 0], [0.2549065512207688, -0.70360120857909796, 0], [-0.1601011088646831, -0.3640989244770401, 0], [0.0914663216383762, -0.34926297532405, 0], [-0.14271654463788766, -0.518693636216949, 0]]
obj_goal_poses = [[-0.25137427201245, -0.33753498308187, 0], [0.3597633517259833, -0.5064455138486454, 0], [-0.033028649387082054, -0.6866666261084224, 0], [-0.011934053141283818, -0.4285301717210949, 0], [0.19070185232290415, -0.29910913554955804, 0], [-0.303763897669506, -0.5070837344806403, 0], [-0.145664221578248, -0.5010506801306834, 0], [0.1584994442186124, -0.4712243280588919, 0]]
obj_polys = [[(-0.07955777796223618, -0.02267411167608857), (-0.01704034322919115, 0.02321504078046177), (0.021697907360695157, 0.03562486928700748), (0.033588107772078823, 0.04435253416556195), (0.05238063758588957, 0.018750388708286048), (0.0404904371745059, 0.010022723829731461), (0.01704034322919115, -0.02321504078046177), (-0.045477091503853845, -0.06910419323701211), (-0.07955777796223618, -0.02267411167608857)], [(-0.05809605505513207, 0.03713596943298525), (0.004761003013211307, 0.025313903005867555), (0.03476669776920011, 0.006133750654417014), (0.047963291175146396, 0.0036517540632444723), (0.04335925475297383, -0.0208275691178067), (0.03016266134702754, -0.018345572526634157), (-0.004761003013211307, -0.025313903005867555), (-0.06761806108155469, -0.01349183657874986), (-0.05809605505513207, 0.03713596943298525)], [(0.013998675541385758, -0.03587583593034205), (0.032412453685241455, -0.02706249361287727), (0.03844577618011677, -0.007912198555620309), (0.029794118898058525, 0.014260287424145757), (0.009762120861797452, 0.030985828297230844), (-0.01399867554138573, 0.03587583593034205), (-0.03241245368524148, 0.02706249361287727), (-0.038445776180116686, 0.00791219855562042), (-0.029794118898058553, -0.014260287424145757), (-0.009762120861797507, -0.030985828297230844), (0.013998675541385758, -0.03587583593034205)], [(-0.02568620343476871, -0.06686361006416147), (-0.02806077378071245, -0.0010118527434183622), (-0.014502470118465342, 0.034780779617070934), (-0.015019534065922002, 0.049120034567081194), (0.01144265471537689, 0.05007424340410255), (0.011959718662833553, 0.03573498845409229), (0.02806077378071245, 0.0010118527434183622), (0.03043534412665619, -0.06483990457732475), (-0.02568620343476871, -0.06686361006416147)], [(0.07417608306859597, -0.02846564266500684), (0.0007474648011778773, -0.030278335055565875), (-0.039819918197734894, -0.01632512310488643), (-0.05451466688581594, -0.01668788437912222), (-0.055271690223056724, 0.013977648250291796), (-0.04057694153497565, 0.014340409524527642), (-0.0007474648011778773, 0.030278335055565875), (0.07268115346624016, 0.032091027446124964), (0.07417608306859597, -0.02846564266500684)], [(0.02309432797455424, -0.047023058104133764), (-0.03220441779591102, -0.041320593564074415), (-0.02309432797455424, 0.047023058104133764), (0.03220441779591102, 0.041320593564074415), (0.02309432797455424, -0.047023058104133764)], [(-0.017036960134968693, -0.040909825585428605), (-0.044306171482557236, 0.0009137880656555075), (0.017036960134968693, 0.040909825585428605), (0.04430617148255722, -0.0009137880656555075), (-0.017036960134968693, -0.040909825585428605)], [(0.01288300569039319, -0.047331113610491915), (-0.03951294622989168, -0.02906773523103723), (-0.01288300569039319, 0.04733111361049186), (0.039512946229891696, 0.029067735231037173), (0.01288300569039319, -0.047331113610491915)]]
action_types = [1, 0, 1, 0, 1, 0, 0, 0]
