obj_poses = [[-0.15689750465734348, -0.3917553806466715, 0], [-0.22876813167840504, -0.6055811180651831, 0], [-0.08708383328808028, -0.6830585368027792, 0], [0.2242566616215903, -0.6545090121810654, 0], [0.08348526910915566, -0.38203040001896776, 0], [0.32984742318973304, -0.3859628769047739, 0], [0.051224603682928305, -0.6204816990986773, 0], [-0.06660898363514822, -0.5123654911301673, 0]]
obj_goal_poses = [[0.1268857666279239, -0.5806038425207172, 0], [0.03375098510986663, -0.32387827787091594, 0], [-0.23631323996107098, -0.47781046313463443, 0], [-0.06311901944932624, -0.5064945084483885, 0], [-0.22728344305960607, -0.32724702176878695, 0], [0.20987673069067558, -0.41603472469079716, 0], [0.3527182503364886, -0.3227647550324739, 0], [0.3155557256123005, -0.5620097462430036, 0]]
obj_polys = [[(-0.044310301900963744, 0.06565658692608578), (0.043102396923540814, 0.06645580216040398), (0.04431030190096373, -0.06565658692608578), (-0.043102396923540814, -0.06645580216040398), (-0.044310301900963744, 0.06565658692608578)], [(0.07402771120225501, -0.018173696617245882), (0.07057190726855975, 0.0032614178010167416), (0.040160033409180396, 0.023450781470805038), (-0.005591608223174532, 0.034682743681492045), (-0.04920744556605022, 0.03266707662894974), (-0.07402771120225504, 0.018173696617245882), (-0.07057190726855977, -0.0032614178010168526), (-0.040160033409180396, -0.023450781470805038), (0.005591608223174532, -0.034682743681492045), (0.04920744556605017, -0.03266707662894974), (0.07402771120225501, -0.018173696617245882)], [(-0.033524372741018715, -0.002122019006381759), (-0.025874495796208874, -0.017157042392098254), (-0.008341440899013397, -0.02563865873045601), (0.012377760906456647, -0.024327178859738785), (0.028369078750279886, -0.01372354351499927), (0.03352437274101871, 0.002122019006381759), (0.025874495796208874, 0.017157042392098254), (0.008341440899013397, 0.02563865873045601), (-0.012377760906456647, 0.024327178859738785), (-0.028369078750279886, 0.01372354351499927), (-0.033524372741018715, -0.002122019006381759)], [(-0.03111886666637989, -0.02971620972422806), (-0.00770894214885795, -0.049573832105209714), (0.018645536252221095, -0.050495935574581985), (0.03787805354341989, -0.03213030794818894), (0.0426424418087209, -0.0014919947545884993), (0.031118866666379863, 0.02971620972422806), (0.00770894214885795, 0.0495738321052096), (-0.018645536252221068, 0.050495935574581874), (-0.037878053543419915, 0.03213030794818894), (-0.04264244180872087, 0.0014919947545884993), (-0.03111886666637989, -0.02971620972422806)], [(-0.03698328267157427, -0.06555557814113411), (-0.07477099923238456, 0.008636822122438992), (0.03698328267157425, 0.06555557814113411), (0.07477099923238456, -0.008636822122439047), (-0.03698328267157427, -0.06555557814113411)], [(-0.012129139160556968, -0.06959037598451495), (-0.02606009728319325, -0.00568053560737497), (-0.019459129368509798, 0.02952829592931172), (-0.022264328225300056, 0.04239746182482118), (0.002599482749739146, 0.04781723298084978), (0.00540468160652946, 0.03494806708534032), (0.02606009728319325, 0.00568053560737497), (0.03999105540582959, -0.05822930476976501), (-0.012129139160556968, -0.06959037598451495)], [(-0.06094666937370815, 0.050275735169208136), (0.023551126595593552, 0.07541545259846139), (0.06094666937370816, -0.050275735169208136), (-0.02355112659559355, -0.07541545259846139), (-0.06094666937370815, 0.050275735169208136)], [(-0.06159886117958066, -0.10306955460568978), (-0.04321693591850706, 0.007203998286372304), (-0.012185968885069884, 0.060420522407780175), (-0.008282932112200964, 0.08383492138393439), (0.035028965989632455, 0.07661509348374484), (0.031125929216763534, 0.053200694507590685), (0.04321693591850707, -0.007203998286372304), (0.024835010657433473, -0.11747755117843439), (-0.06159886117958066, -0.10306955460568978)]]
action_types = [1, 0, 0, 1, 0, 0, 1, 1]
