obj_poses = [[-0.05210739862155628, -0.4969698644963875, 0], [-0.23193733151961202, -0.5974147139343251, 0], [-0.029887771092832416, -0.6612674389504054, 0], [0.18467088714911384, -0.43186374784611546, 0], [0.3527431792064753, -0.5041996238264269, 0], [0.1769741128152713, -0.6635287093249305, 0], [-0.20205908889465168, -0.343536907758912, 0], [0.04532384018152952, -0.3400734136872433, 0]]
obj_goal_poses = [[-0.11156575004635141, -0.36687825494055326, 0], [0.06506184609630172, -0.4346486506613718, 0], [0.30739870963492677, -0.6065885850438192, 0], [0.2765089303386089, -0.4314264435133838, 0], [-0.23403472322064986, -0.6393273862468654, 0], [0.1988951405316869, -0.30157084877621576, 0], [-0.03309668310913205, -0.5923893648327521, 0], [-0.27761249502938235, -0.3332956283278363, 0]]
obj_polys = [[(-0.05569992645519675, 0.06723278567153157), (0.03902834417180718, 0.07809940862436404), (0.05569992645519674, -0.06723278567153151), (-0.039028344171807186, -0.07809940862436399), (-0.05569992645519675, 0.06723278567153157)], [(-0.048921151907132004, 0.07398064213156819), (0.04679957542499208, 0.07534065472346474), (0.048921151907132004, -0.07398064213156819), (-0.04679957542499205, -0.07534065472346474), (-0.048921151907132004, 0.07398064213156819)], [(0.10543146815181623, -0.021575180583272124), (0.007145292265752716, -0.039399747789617634), (-0.04852538508914497, -0.03018113234369224), (-0.06903982986598942, -0.03390150396593972), (-0.07654789833015004, 0.007498622561137647), (-0.05603345355330558, 0.011218994183385123), (-0.007145292265752716, 0.039399747789617634), (0.09114088362031078, 0.057224314995963144), (0.10543146815181623, -0.021575180583272124)], [(-0.12192393397177641, -0.058468420340188676), (-0.03612440405771217, 0.03364739231303793), (0.025821176574508165, 0.0615272926828786), (0.04174138266585592, 0.07861949264225104), (0.07546152098753067, 0.047211508135526103), (0.05954131489618297, 0.030119308176153603), (0.03612440405771217, -0.03364739231303787), (-0.04967512585635206, -0.12576320496626453), (-0.12192393397177641, -0.058468420340188676)], [(0.017481336066043407, -0.05710650748863333), (0.04770906087355714, -0.05577723284588454), (0.059713545998709816, -0.033142951054424885), (0.048909486141135605, 0.002150811552350973), (0.019423664949939523, 0.03662303724952465), (-0.017481336066043462, 0.05710650748863333), (-0.04770906087355714, 0.05577723284588454), (-0.059713545998709816, 0.033142951054424885), (-0.048909486141135605, -0.002150811552350973), (-0.019423664949939523, -0.03662303724952465), (0.017481336066043407, -0.05710650748863333)], [(0.0398817462713576, -0.07907232792540464), (-0.022533356155131357, -0.027018715003325533), (-0.042793962807086305, 0.013593858771539902), (-0.05584842093231268, 0.02448115501459841), (-0.034111658165262626, 0.05054471138208083), (-0.02105720004003625, 0.03965741513902232), (0.022533356155131357, 0.027018715003325477), (0.08494845858162031, -0.025034897918753685), (0.0398817462713576, -0.07907232792540464)], [(-0.023463993046208914, 0.04051400103744468), (0.027477268259815446, 0.03790703072930862), (0.023463993046208914, -0.04051400103744468), (-0.027477268259815446, -0.03790703072930862), (-0.023463993046208914, 0.04051400103744468)], [(0.06349284610768757, 0.016894227111193094), (0.0414366139775135, 0.03856450501775793), (0.0035530036866382314, 0.045504452766855163), (-0.03568773325037916, 0.03506324619847784), (-0.06129696906719147, 0.011229071338187568), (-0.06349284610768757, -0.016894227111193094), (-0.04143661397751349, -0.03856450501775793), (-0.003553003686638259, -0.045504452766855163), (0.03568773325037913, -0.03506324619847784), (0.061296969067191454, -0.011229071338187568), (0.06349284610768757, 0.016894227111193094)]]
action_types = [0, 0, 0, 0, 1, 0, 0, 1]
