obj_poses = [[0.18422168641098746, -0.3494852924606421, 0], [-0.18528051675794857, -0.5315467997041795, 0], [-0.0689262694228771, -0.37971871857802575, 0], [0.2029469578051203, -0.6445772097215372, 0], [0.07122173915236546, -0.41583165588514276, 0]]
obj_goal_poses = [[-0.020010736822684172, -0.6228558967344073, 0], [0.26826627601181896, -0.4727537013601097, 0], [-0.10196749453306558, -0.40056999248855313, 0], [0.12021172424268262, -0.6390257809054297, 0], [0.04620323853007918, -0.528613701825104, 0]]
obj_polys = [[(-0.046641627533853675, 0.027834206910335224), (-0.05409440565134638, -0.007996716779061608), (-0.040884959411249144, -0.04077316645726342), (-0.012058848304714626, -0.057975652377747766), (0.021373332989041788, -0.05303340960988112), (0.046641627533853675, -0.02783420691033517), (0.05409440565134638, 0.007996716779061608), (0.040884959411249144, 0.04077316645726342), (0.012058848304714626, 0.057975652377747766), (-0.021373332989041788, 0.05303340960988112), (-0.046641627533853675, 0.027834206910335224)], [(-0.12400884517796831, -0.058696450574374004), (-0.03374573455087104, 0.03316028052174602), (0.02780699014030294, 0.06345079168675344), (0.04593427007607828, 0.08189811382086054), (0.08108174857748994, 0.047360408174480895), (0.0629544686417146, 0.028913086040373792), (0.033745734550871015, -0.03316028052174602), (-0.05651737607622623, -0.12501701161786605), (-0.12400884517796831, -0.058696450574374004)], [(-0.008418771221775423, -0.07391946634202196), (0.03663784318299931, -0.07425508449424989), (0.06770004676635694, -0.046227784207169664), (0.07290313352492364, -0.0005430415775461994), (0.050259701163341435, 0.045349124477395475), (0.008418771221775471, 0.07391946634202201), (-0.03663784318299931, 0.07425508449424989), (-0.06770004676635694, 0.046227784207169664), (-0.07290313352492364, 0.0005430415775462549), (-0.05025970116334144, -0.045349124477395475), (-0.008418771221775423, -0.07391946634202196)], [(-0.032931448186258455, -0.03141504838445819), (-0.008176799091622111, -0.05888092779211773), (0.01970110933683461, -0.06385629407231663), (0.04005386361469848, -0.044440726412498965), (0.04510740337250019, -0.008050311747841987), (0.032931448186258455, 0.03141504838445819), (0.008176799091622111, 0.05888092779211773), (-0.019701109336834638, 0.06385629407231663), (-0.04005386361469848, 0.044440726412498965), (-0.04510740337250019, 0.008050311747841987), (-0.032931448186258455, -0.03141504838445819)], [(-0.05027574036400378, -0.019500836806530863), (-0.03730834506110442, 0.03893610270822229), (0.05027574036400376, 0.019500836806530863), (0.03730834506110442, -0.03893610270822229), (-0.05027574036400378, -0.019500836806530863)]]
action_types = [1, 1, 1, 0, 1]
