obj_poses = [[-0.10492345467758957, -0.3597720579827087, 0], [0.11874014175884001, -0.3892611534098405, 0], [0.07611937523326034, -0.5673013478235592, 0], [0.3129953901392436, -0.4088564377414269, 0], [-0.16568607174613742, -0.5647035362253463, 0], [0.2484656166084367, -0.5591024461909425, 0]]
obj_goal_poses = [[0.16523601570930613, -0.3025936503638061, 0], [0.22982106041528738, -0.5978170007343361, 0], [0.32477887905780944, -0.4468545127049581, 0], [-0.17475847044946716, -0.3798235593792916, 0], [0.0630422311966522, -0.659577218376558, 0], [0.01989804480718088, -0.4430659785348286, 0]]
obj_polys = [[(-0.05998391466993641, -0.02087741126226167), (-0.03787585250077638, 0.05098388095744827), (0.059983914669936404, 0.02087741126226167), (0.03787585250077638, -0.05098388095744827), (-0.05998391466993641, -0.02087741126226167)], [(-0.03029736043424683, -0.07751244522477913), (-0.028671219063772846, 0.0005968998386005064), (-0.014079227811717068, 0.03947584880611732), (-0.013758939521814145, 0.05486043283431652), (0.01603028293150427, 0.054240257527683355), (0.015709994641601333, 0.03885567349948421), (0.028671219063772846, -0.0005968998386005064), (0.027045077693298863, -0.0787062449019802), (-0.03029736043424683, -0.07751244522477913)], [(0.032585084412500284, -0.08927947492715604), (-0.026582634610809827, -0.024148951601013935), (-0.04284333912027625, 0.021855143069428706), (-0.05473999998778746, 0.034950725608775546), (-0.029550342745100475, 0.057834229163100104), (-0.01765368187758927, 0.044738646623753264), (0.026582634610809827, 0.024148951601013935), (0.08575035363411992, -0.040981571725128285), (0.032585084412500284, -0.08927947492715604)], [(-0.047372786189070704, -0.06509302803597805), (-0.029588976248758947, 0.007271576150419179), (-0.0048219009940071444, 0.04010069274545486), (-0.0013360653665343003, 0.05428500512213641), (0.0263456362152385, 0.04748214721543603), (0.022859800587765655, 0.033297834838754536), (0.029588976248759002, -0.007271576150419179), (0.011805166308447246, -0.07963618033681641), (-0.047372786189070704, -0.06509302803597805)], [(-0.051425432004030325, -0.02653384499689837), (-0.044640826572601044, 0.03682141482935619), (0.051425432004030325, 0.02653384499689837), (0.044640826572601044, -0.03682141482935619), (-0.051425432004030325, -0.02653384499689837)], [(0.023116485103831907, -0.04725148028078385), (0.04647535255724872, -0.031144964989877844), (0.05208221497293092, -0.0031421316512639796), (0.03779544147833214, 0.02606088918100591), (0.009072093958818084, 0.04530953612317601), (-0.023116485103831907, 0.04725148028078385), (-0.04647535255724872, 0.031144964989877844), (-0.05208221497293089, 0.0031421316512639796), (-0.03779544147833211, -0.02606088918100591), (-0.009072093958818084, -0.04530953612317601), (0.023116485103831907, -0.04725148028078385)]]
action_types = [0, 1, 0, 1, 1, 1]
