obj_poses = [[0.09992380694697355, -0.35404017584314357, 0], [-0.09741782833208526, -0.5034608501843718, 0], [0.1584683794889394, -0.6495408137331931, 0], [0.3750152388019786, -0.5250012580562541, 0]]
obj_goal_poses = [[0.07997541475714996, -0.6396373629770259, 0], [0.2612200043671009, -0.5246258336121087, 0], [0.097599862978588, -0.35564694455323403, 0], [-0.19426251982957585, -0.45755736457835755, 0]]
obj_polys = [[(-0.1150390127492079, 0.09368153731191681), (0.016252533536436645, 0.05460204105312083), (0.07337785380201194, 0.005737301783874438), (0.10076225501023157, -0.0024137836046522754), (0.08568070963328996, -0.053081770720021015), (0.05829630842507032, -0.04493068533149436), (-0.016252533536436645, -0.05460204105312083), (-0.14754407982208118, -0.0155225447943248), (-0.1150390127492079, 0.09368153731191681)], [(-0.09179271560163824, -0.025329273877188085), (-0.059588266107051674, 0.07427458040961282), (0.09179271560163826, 0.025329273877188085), (0.059588266107051695, -0.07427458040961288), (-0.09179271560163824, -0.025329273877188085)], [(-0.08524196680167306, 0.0851160320586517), (0.08856697376997547, 0.08165061527542483), (0.08524196680167304, -0.0851160320586517), (-0.08856697376997548, -0.08165061527542472), (-0.08524196680167306, 0.0851160320586517)], [(-0.030000000000000027, 0.0), (-0.024270509831248455, -0.08816778784387103), (-0.009270509831248441, -0.14265847744427307), (0.009270509831248441, -0.14265847744427307), (0.024270509831248455, -0.08816778784387103), (0.030000000000000027, 0.0), (0.024270509831248455, 0.08816778784387092), (0.009270509831248441, 0.14265847744427307), (-0.009270509831248441, 0.14265847744427307), (-0.024270509831248455, 0.08816778784387103), (-0.030000000000000027, 0.0)]]
action_types = [0, 0, 1, 0]
