obj_poses = [[-0.08667597957076001, -0.5581576204889895, 0], [0.14290717987121915, -0.3458228406860883, 0], [0.18007802453372446, -0.5379919042847097, 0], [-0.045911721200572686, -0.3842722719597593, 0], [0.32033450643770534, -0.37102207493842126, 0], [-0.21951065054931979, -0.3446487245918312, 0]]
obj_goal_poses = [[0.01995622959140292, -0.6488352580503977, 0], [0.26592208462881095, -0.46140914285918727, 0], [0.07828867734653422, -0.4250307766446822, 0], [-0.1966929090833033, -0.3645943893492018, 0], [-0.20636325032148414, -0.580174493120953, 0], [-0.06705623595614862, -0.46510979056199053, 0]]
obj_polys = [[(0.02826451438172528, -0.02883905751180893), (0.03981764516802664, -0.016977676631227623), (0.03616178885212487, 0.0013685996724779326), (0.01869335828870841, 0.019192117418288746), (-0.005915299777115052, 0.029684898626392342), (-0.02826451438172528, 0.02883905751180893), (-0.03981764516802663, 0.016977676631227623), (-0.036161788852124885, -0.0013685996724779326), (-0.01869335828870841, -0.019192117418288746), (0.00591529977711501, -0.02968489862639223), (0.02826451438172528, -0.02883905751180893)], [(0.05349244459664665, -0.04972350953194116), (-0.009706572959459453, -0.02702068393774948), (-0.03875766428960173, -0.0009153094439855458), (-0.05143728897909229, 0.003639560537494091), (-0.04199520866181228, 0.029923962770254553), (-0.029315583972321715, 0.025369092788774916), (0.009706572959459453, 0.02702068393774948), (0.07290559051556555, 0.004317858343557801), (0.05349244459664665, -0.04972350953194116)], [(-0.029033229711188657, -0.04508141940076438), (-0.05296188895535975, 0.008384576371552988), (0.029033229711188657, 0.04508141940076438), (0.05296188895535975, -0.008384576371552988), (-0.029033229711188657, -0.04508141940076438)], [(-0.05458627517515205, -0.008426985195695014), (-0.03920796665700879, -0.03312190192844089), (-0.008853547505660746, -0.04516537789656305), (0.024882625871837854, -0.039957214622931336), (0.04911448189564187, -0.01948675345911416), (0.054586275175152056, 0.008426985195695014), (0.039207966657008785, 0.03312190192844089), (0.008853547505660746, 0.04516537789656305), (-0.024882625871837857, 0.039957214622931336), (-0.04911448189564187, 0.01948675345911416), (-0.05458627517515205, -0.008426985195695014)], [(-0.043184933640350975, 0.014955160088765851), (-0.04372776776184789, -0.013762293373016321), (-0.02756808085048079, -0.03722301852945359), (-0.0008783240588351449, -0.046465815771506824), (0.026146922670148787, -0.03796025070383535), (0.043184933640350975, -0.014955160088765851), (0.04372776776184789, 0.013762293373016266), (0.02756808085048079, 0.03722301852945359), (0.0008783240588351449, 0.046465815771506824), (-0.02614692267014873, 0.03796025070383535), (-0.043184933640350975, 0.014955160088765851)], [(-0.04476015300788089, 0.003578984979554556), (-0.01372085543257437, 0.04275533366693779), (0.04476015300788089, -0.003578984979554556), (0.013720855432574341, -0.04275533366693779), (-0.04476015300788089, 0.003578984979554556)]]
action_types = [1, 0, 0, 1, 1, 0]
