obj_poses = [[0.28076920893216406, -0.47187035878577155, 0], [0.027244195998258225, -0.5406962619923655, 0], [-0.16094672126274043, -0.6627188956642398, 0], [-0.23400968789156634, -0.4731472895020488, 0], [-0.011221330322141898, -0.34074309721391033, 0], [0.29495030195666416, -0.6370752171062054, 0]]
obj_goal_poses = [[-0.02409013559999984, -0.44472400325885875, 0], [-0.2637532424771475, -0.48208233173900694, 0], [0.04165912450119069, -0.591711150760546, 0], [0.25808799405686933, -0.36979675446024834, 0], [-0.14541078004321883, -0.6316796645524492, 0], [0.19870937667022925, -0.5353919049627779, 0]]
obj_polys = [[(0.08384164047283615, -0.02602201985132563), (0.003454744074853966, -0.03415344434822931), (-0.040884914052241816, -0.020416942829510454), (-0.05635285765575768, -0.021981581112243187), (-0.059613318117418906, 0.010251184185040563), (-0.044145374513903046, 0.011815822467773296), (-0.003454744074853966, 0.03415344434822931), (0.07693215232312822, 0.042284868845132995), (0.08384164047283615, -0.02602201985132563)], [(0.04042981971242632, 0.03652300081596116), (0.011240729977780188, 0.033813536346343986), (-0.022241936550018087, 0.018188450272253243), (-0.04722893929132802, -0.004384005603150887), (-0.054176092475956054, -0.025281920345021303), (-0.04042981971242631, -0.03652300081596116), (-0.011240729977780188, -0.033813536346343986), (0.022241936550018077, -0.018188450272253243), (0.047228939291328015, 0.004384005603150887), (0.05417609247595605, 0.025281920345021303), (0.04042981971242632, 0.03652300081596116)], [(0.046325113488221686, -0.0010975087910657377), (0.03812290355996925, 0.01684804833859066), (0.015359040221642944, 0.028358223647006686), (-0.013271454446774272, 0.029036521382837077), (-0.036832704596669624, 0.0186238548654869), (-0.046325113488221686, 0.0010975087910657377), (-0.03812290355996928, -0.01684804833859066), (-0.015359040221642944, -0.028358223647006686), (0.013271454446774272, -0.029036521382837077), (0.03683270459666965, -0.0186238548654869), (0.046325113488221686, -0.0010975087910657377)], [(0.03719330253988501, 0.009115411365077764), (0.024732109462723945, 0.028208215468344566), (0.0028240911842852545, 0.03652644002468425), (-0.020162633939221464, 0.030892805979629123), (-0.03544791820066778, 0.013459170058211678), (-0.03719330253988501, -0.009115411365077764), (-0.024732109462723972, -0.028208215468344566), (-0.0028240911842852268, -0.03652644002468425), (0.02016263393922149, -0.030892805979629123), (0.03544791820066781, -0.013459170058211678), (0.03719330253988501, 0.009115411365077764)], [(0.08882210851526438, -0.02726275456047189), (0.0017324311279778657, -0.03198052752179803), (-0.03898337568972413, -0.01913257773241034), (-0.05547097680938569, -0.02002573477573666), (-0.057309662650554566, 0.013916245484152101), (-0.04082206153089301, 0.014809402527478421), (-0.0017324311279778657, 0.03198052752179803), (0.08535724625930864, 0.03669830048312417), (0.08882210851526438, -0.02726275456047189)], [(-0.048315335647516056, -0.041275247128628956), (-0.05501893000023472, 0.03179520444801065), (0.048315335647516056, 0.041275247128628956), (0.05501893000023472, -0.03179520444801065), (-0.048315335647516056, -0.041275247128628956)]]
action_types = [1, 1, 0, 1, 1, 0]
