obj_poses = [[0.1578332236183435, -0.566235189578753, 0], [0.0022236396477657294, -0.6403002309283033, 0], [-0.17577576808385867, -0.6221987710118334, 0], [-0.19062850871527415, -0.47040193161783317, 0], [-0.06889795783159408, -0.32132583619636185, 0], [0.0965776696428976, -0.3655263669078548, 0], [0.2953859755857795, -0.48481662396784114, 0]]
obj_goal_poses = [[-0.1538315090252887, -0.3566332680383017, 0], [-0.12993094065483213, -0.6468356853659691, 0], [-0.23110266620462183, -0.5253826198674499, 0], [0.12908032371749634, -0.6333270428056205, 0], [0.13648370975197543, -0.36613279998021797, 0], [0.028215912494594375, -0.5164183129007393, 0], [0.2990035399651848, -0.5119833897289415, 0]]
obj_polys = [[(-0.07061111028079063, 0.02738885306909966), (-0.002086412298484913, 0.07570815709847545), (0.07061111028079065, -0.02738885306909966), (0.002086412298484941, -0.07570815709847545), (-0.07061111028079063, 0.02738885306909966)], [(-0.04982368398193255, -0.04861494619213769), (-0.06324942087143333, 0.029074443042373388), (0.04982368398193255, 0.04861494619213769), (0.06324942087143333, -0.029074443042373388), (-0.04982368398193255, -0.04861494619213769)], [(-0.06761773640375598, -0.050205919796706966), (-0.07415425372106962, 0.03992416954768674), (0.06761773640375598, 0.050205919796706966), (0.0741542537210696, -0.03992416954768674), (-0.06761773640375598, -0.050205919796706966)], [(0.026040454911758937, 0.0668880112423832), (-0.018248615998578466, 0.04813870322193936), (-0.05556733584510398, 0.011002046745058613), (-0.07166122206308012, -0.030337017642619313), (-0.06038295712831354, -0.060088372408121815), (-0.026040454911758937, -0.0668880112423832), (0.018248615998578466, -0.04813870322193936), (0.05556733584510398, -0.011002046745058613), (0.07166122206308015, 0.030337017642619313), (0.06038295712831357, 0.06008837240812187), (0.026040454911758937, 0.0668880112423832)], [(0.05944713666064661, 0.023784616450056417), (0.03411349704461697, 0.03007986982758698), (-0.004250338967337286, 0.0248856353081518), (-0.04099068995747679, 0.010185933932637059), (-0.062073990606169194, -0.008404447997984121), (-0.05944713666064663, -0.023784616450056417), (-0.03411349704461698, -0.03007986982758698), (0.004250338967337258, -0.0248856353081518), (0.0409906899574768, -0.010185933932637059), (0.0620739906061692, 0.008404447997984121), (0.05944713666064661, 0.023784616450056417)], [(-0.04589343438187432, -0.07400107818816148), (-0.08577065550079027, 0.015025363467768393), (0.04589343438187432, 0.07400107818816148), (0.08577065550079027, -0.015025363467768393), (-0.04589343438187432, -0.07400107818816148)], [(-0.022898346852951945, -0.06641313319377312), (-0.07016794124976644, -0.0033909541402485366), (0.022898346852951945, 0.06641313319377312), (0.07016794124976644, 0.0033909541402485366), (-0.022898346852951945, -0.06641313319377312)]]
action_types = [0, 0, 1, 1, 0, 0, 1]
