obj_poses = [[0.16806599584747628, -0.3813299461305669, 0], [-0.05614073573456557, -0.4092388800509011, 0], [-0.05705332927286677, -0.6153297887155155, 0], [-0.21840897438705875, -0.6093557012323529, 0], [0.2990658368505579, -0.5268395678551484, 0], [0.09437988015829457, -0.5667085439358073, 0]]
obj_goal_poses = [[-0.1824467113221975, -0.542000033303695, 0], [0.21411184778234793, -0.6115096018317875, 0], [-0.12633156929328807, -0.34669522597461455, 0], [0.04730648699358164, -0.34524353962139537, 0], [0.343812817800888, -0.46134698689001563, 0], [0.06870658447501332, -0.5269348459848866, 0]]
obj_polys = [[(0.058959116645084936, -0.03372804278505015), (-0.003292586269404596, -0.025776154429247577), (-0.03311096907262706, -0.008312584324310979), (-0.045768365616090684, -0.006695757804287883), (-0.042615610520011726, 0.0179857222192632), (-0.029958213976548104, 0.01636889569924016), (0.003292586269404596, 0.025776154429247577), (0.0655442891838941, 0.01782426607344506), (0.058959116645084936, -0.03372804278505015)], [(-0.033600551688558356, -0.04143387542587851), (-0.0028291964157626803, -0.04935653872566503), (0.02902281572700499, -0.038426681799297924), (0.04978909871128176, -0.012819138500476002), (0.051537638257072416, 0.017684879999035397), (0.033600551688558356, 0.04143387542587845), (0.0028291964157626803, 0.04935653872566503), (-0.02902281572700499, 0.038426681799297924), (-0.04978909871128173, 0.012819138500476002), (-0.051537638257072416, -0.017684879999035397), (-0.033600551688558356, -0.04143387542587851)], [(-0.06067688241803257, -0.03402770474093941), (-0.029087646025791974, -0.056981489709926), (0.013612082495575398, -0.0581702823393232), (0.05111245816130053, -0.03714000425027664), (0.06908961205796571, -0.001923506879940029), (0.06067688241803256, 0.03402770474093941), (0.02908764602579199, 0.056981489709926), (-0.013612082495575398, 0.05817028233932309), (-0.05111245816130053, 0.03714000425027664), (-0.06908961205796571, 0.001923506879940029), (-0.06067688241803257, -0.03402770474093941)], [(-0.038219196689919244, 0.0254898263585831), (-0.04590252365057451, 0.003433861479092415), (-0.0360526467461062, -0.019933721772752655), (-0.012431884169018692, -0.03568730082968985), (0.01593743561643235, -0.0378095439364281), (0.038219196689919244, -0.0254898263585831), (0.04590252365057451, -0.003433861479092415), (0.03605264674610617, 0.019933721772752655), (0.012431884169018692, 0.03568730082968996), (-0.01593743561643224, 0.03780954393642799), (-0.038219196689919244, 0.0254898263585831)], [(-0.07740625687326663, -0.04721054925705792), (-0.02788855950631869, 0.02041956199720174), (0.009548984806488747, 0.04316259109576215), (0.019466706151162638, 0.056707982614244645), (0.048181076742426165, 0.035683774807237334), (0.038263355397752274, 0.022138383288754837), (0.02788855950631869, -0.02041956199720174), (-0.021629137860629255, -0.0880496732514614), (-0.07740625687326663, -0.04721054925705792)], [(0.018320585716416565, -0.0648513996131832), (0.05294036147463882, -0.035054798195234826), (0.06733871852625456, 0.008131544664524815), (0.05601597385970325, 0.048211913843473786), (0.023297031091670986, 0.0698769705968974), (-0.01832058571641655, 0.0648513996131832), (-0.05294036147463882, 0.035054798195234826), (-0.06733871852625456, -0.008131544664524815), (-0.056015973859703264, -0.048211913843473786), (-0.023297031091671028, -0.06987697059689735), (0.018320585716416565, -0.0648513996131832)]]
action_types = [0, 1, 1, 1, 0, 1]
