obj_poses = [[-0.00948971193415638, -0.33899588477366246, 0], [-0.14188480182492155, -0.5056974622184203, 0], [0.12223589743589744, -0.5000000000000001, 0], [-0.026610714625559057, -0.659105909220668, 0]]
obj_goal_poses = [[-0.00948971, -0.65899588,  0.], [0.1581152 , -0.50569746,  0.], [-0.1277641, -0.5      ,  1.57], [-0.02661071, -0.35910591,  0.3]]
obj_polys = [[(-0.12451028806584363, -0.08100411522633755), (-0.12451028806584363, 0.07899588477366246), (0.12348971193415638, 0.08299588477366246), (0.12348971193415638, -0.08100411522633755), (-0.12451028806584363, -0.08100411522633755)],[(-0.012115198175078445, -0.03830253778157977), (-0.03611519817507844, -0.018302537781579753), (-0.03611519817507844, 0.021697462218420283), (-0.010115198175078444, 0.03969746221842024), (0.03188480182492155, 0.03169746221842029), (0.035884801824921556, -0.020302537781579755), (0.017884801824921553, -0.03830253778157977), (-0.012115198175078445, -0.03830253778157977)],[(-0.04623589743589744, -0.06399999999999983), (-0.04623589743589744, 0.06400000000000011), (0.04576410256410257, 0.06600000000000011), (0.04576410256410257, -0.06599999999999984), (-0.04623589743589744, -0.06399999999999983)],[(0.02861071462555906, -0.05289409077933194), (-0.05538928537444095, -0.02089409077933202), (-0.027389285374440943, 0.053105909220668046), (0.054610714625559054, 0.021105909220668018), (0.02861071462555906, -0.05289409077933194)]]
action_types = [1, 0, 0, 0]