obj_poses = [[0.319806787000418, -0.3739800052432682, 0], [-0.1584521008689477, -0.49757026973329344, 0], [0.035627360749029946, -0.5732740766546545, 0], [0.1454073140344122, -0.42197139811957546, 0], [0.2708456307847763, -0.6563482791259252, 0], [0.0007946289744683588, -0.3540157259486787, 0], [-0.2773425356051373, -0.6570563320319176, 0], [-0.12346353472493701, -0.6697545079502857, 0]]
obj_goal_poses = [[0.05518242759440162, -0.35747718206369444, 0], [0.26989269686751094, -0.6425717992375478, 0], [0.18083321720535306, -0.4637616371899463, 0], [0.016445949326645837, -0.6256418052572008, 0], [-0.26813458731823997, -0.31660889675429275, 0], [-0.28690470807590886, -0.5490169209851292, 0], [0.3542260177450608, -0.4793395247045696, 0], [-0.29910804380401473, -0.7081220625900728, 0]]
obj_polys = [[(-0.04369448545711696, -0.03160318470693113), (-0.04606354485401509, 0.028037816934717852), (0.04369448545711696, 0.03160318470693113), (0.04606354485401509, -0.028037816934717852), (-0.04369448545711696, -0.03160318470693113)], [(-0.04844589061946708, -0.0749264134649914), (-0.08683594392475155, 0.020505867339315864), (0.04844589061946708, 0.0749264134649914), (0.08683594392475155, -0.02050586733931581), (-0.04844589061946708, -0.0749264134649914)], [(0.014630804577334233, -0.07995136507025447), (-0.06409046386915626, -0.04998693489516659), (-0.014630804577334233, 0.07995136507025447), (0.06409046386915625, 0.04998693489516659), (0.014630804577334233, -0.07995136507025447)], [(0.025628698390624344, -0.07339902855850938), (-0.05431240173190223, -0.055627426622511744), (-0.02562869839062433, 0.07339902855850938), (0.054312401731902216, 0.055627426622511744), (0.025628698390624344, -0.07339902855850938)], [(0.01584577198058984, 0.051215346315232835), (-0.017284126433858016, 0.031026898611921983), (-0.04381207601642256, -0.001012769795646129), (-0.05360530167840785, -0.03266559456405671), (-0.04292312407643309, -0.051841272471721545), (-0.01584577198058984, -0.051215346315232835), (0.017284126433858016, -0.031026898611922094), (0.04381207601642251, 0.001012769795646129), (0.053605301678407824, 0.03266559456405671), (0.04292312407643306, 0.051841272471721545), (0.01584577198058984, 0.051215346315232835)], [(0.03816256025760864, -0.07927993793983223), (-0.022565993273352004, -0.025465096502911067), (-0.04040988783831954, 0.014599614917623127), (-0.05283812203929392, 0.025612942487254375), (-0.03178234096336213, 0.049373806480595694), (-0.019354106762387746, 0.03836047891096439), (0.022565993273352004, 0.025465096502911067), (0.08329454680431266, -0.0283497449340101), (0.03816256025760864, -0.07927993793983223)], [(-0.024727665345797956, 0.03644071827553341), (0.026763570699167627, 0.034972770340955694), (0.024727665345797956, -0.03644071827553341), (-0.026763570699167682, -0.034972770340955694), (-0.024727665345797956, 0.03644071827553341)], [(-0.045517433159750514, -0.0016660998410114036), (-0.035845068051170575, -0.02573042305171036), (-0.012481105276096499, -0.03996659920156964), (0.015650215497280823, -0.038936892871173856), (0.03780368588195729, -0.02303461688030306), (0.045517433159750514, 0.0016660998410114036), (0.03584506805117067, 0.02573042305171036), (0.012481105276096513, 0.03996659920156975), (-0.015650215497280823, 0.038936892871173856), (-0.03780368588195729, 0.02303461688030306), (-0.045517433159750514, -0.0016660998410114036)]]
action_types = [1, 0, 1, 0, 0, 1, 0, 0]
