obj_poses = [[-0.05254133347230837, -0.35621362516665217, 0], [-0.19315035423961602, -0.6135606866998118, 0], [0.11424423467930407, -0.640822737748079, 0], [0.10654529573064934, -0.49671626321429085, 0]]
obj_goal_poses = [[-0.1924127160477091, -0.6354043233710942, 0], [0.13602519322511533, -0.6218947579616217, 0], [-0.07481286639105625, -0.3533319229592841, 0], [0.02092101658722856, -0.4925960176525561, 0]]
obj_polys = [[(-0.14256049133483828, -0.0005128776664044821), (-0.017784569611418034, 0.045830936232156054), (0.0587112247097784, 0.04599112816613354), (0.08047357393164077, 0.054074019868340636), (0.09626097515079342, 0.01156807629086561), (0.07449862592893103, 0.003485184588658505), (0.01644494696712979, -0.04632849394732811), (-0.10833097475629044, -0.0926723078458887), (-0.14256049133483828, -0.0005128776664044821)], [(-0.09665253464421986, -0.0300200118262961), (-0.06597911468175666, 0.07674418537592731), (0.0966525346442199, 0.0300200118262961), (0.06597911468175666, -0.07674418537592731), (-0.09665253464421986, -0.0300200118262961)], [(-0.10096864427172772, 0.0827924870406278), (0.08796402735406116, 0.09649659542231115), (0.14096864427172773, -0.08279248704062792), (-0.08796402735406114, -0.09649659542231115), (-0.10096864427172772, 0.0827924870406278)], [(0.148867592944418, -0.004), (0.19280446729599104, -0.004), (0.16058047678379447, -0.013688802899656276), (0.04616343995585499, -0.02453169548885459), (-0.04606345022283607, -0.02453169548885459), (-0.11995954555941334, -0.01379396430574217), (-0.14236919901975986, 5.0737827988364314e-18), (-0.11995954555941331, 0.013793964305742227), (-0.04606345022283605, 0.02453169548885459), (0.04606345022283607, 0.02453169548885459), (0.11995954555941332, 0.013793964305742227), (0.148867592944418, -0.004)]]
action_types = [1, 1, 1, 0]