obj_poses = [[0.015505462530439607, -0.5258818845034158, 0], [0.12686624749162567, -0.3876536098357485, 0], [-0.20927814032534522, -0.4876827236497817, 0], [-0.10869006164225059, -0.43125205046673, 0], [0.010595202335506093, -0.3495294183673332, 0]]
obj_goal_poses = [[-0.2163638780006807, -0.5915456607063488, 0], [-0.1409336915893003, -0.4421327713554496, 0], [0.2906868850875025, -0.5086635687819379, 0], [0.14372421401251356, -0.6277774441804338, 0], [0.02747347929285998, -0.532756939445259, 0]]
obj_polys = [[(0.057940473128377634, -0.05423058417937665), (0.07875076502682556, -0.024740126491845982), (0.06948094132508263, 0.014200218629598083), (0.03367175960749532, 0.04771656288221515), (-0.014998889819139393, 0.06300680194014768), (-0.05794047312837762, 0.054230584179376595), (-0.07875076502682556, 0.024740126491845982), (-0.06948094132508265, -0.014200218629598083), (-0.03367175960749533, -0.04771656288221515), (0.014998889819139386, -0.06300680194014763), (0.057940473128377634, -0.05423058417937665)], [(0.0035824036544040982, -0.10666620162722079), (-0.03644748436093642, -0.01611172355556728), (-0.03894838693050659, 0.039968579034067475), (-0.046965519769203184, 0.05810470970625592), (-0.011362445155150433, 0.07384315931307306), (-0.0033453123164538384, 0.055707028640884615), (0.03644748436093642, 0.01611172355556728), (0.07647737237627694, -0.07444275451608628), (0.0035824036544040982, -0.10666620162722079)], [(-0.06494593911033933, 0.05857907783233185), (0.027902579836276087, 0.08289106951349184), (0.06494593911033933, -0.05857907783233185), (-0.027902579836276087, -0.08289106951349179), (-0.06494593911033933, 0.05857907783233185)], [(-0.0281565585104942, 0.016725174267602172), (-0.03260994511462051, -0.022217299621977327), (-0.02460744105623039, -0.05267352019420174), (-0.007205730890519818, -0.06301024635934505), (0.012948323561584207, -0.04927920005472286), (0.028156558510494215, -0.016725174267602227), (0.03260994511462051, 0.022217299621977327), (0.024607441056230375, 0.05267352019420174), (0.007205730890519818, 0.06301024635934505), (-0.012948323561584207, 0.04927920005472286), (-0.0281565585104942, 0.016725174267602172)], [(-0.02288129394556036, 0.02798531121046588), (-0.03496070886557397, -0.0075332587823612185), (-0.03368632126972813, -0.04017437996637496), (-0.019544903904794665, -0.057470253480186306), (0.002062002444919858, -0.05281444350663844), (0.022881293945560363, -0.02798531121046588), (0.03496070886557397, 0.0075332587823612185), (0.033686321269728134, 0.04017437996637496), (0.019544903904794617, 0.05747025348018636), (-0.0020620024449198616, 0.05281444350663844), (-0.02288129394556036, 0.02798531121046588)]]
action_types = [1, 0, 0, 1, 1]