obj_poses = [[-0.19443111169194535, -0.6654273693461622, 0], [-0.05244819913922394, -0.42830038119224123, 0], [0.24570223631388433, -0.4643529688573338, 0], [0.16597427524848318, -0.6290256698961914, 0], [0.1239691088746766, -0.35144260874480365, 0], [-0.24309372499941312, -0.39738201006270796, 0], [-0.024409912345549456, -0.6501682238013705, 0]]
obj_goal_poses = [[-0.08147633571516377, -0.5110510580140739, 0], [0.3055638891256014, -0.6153197918256322, 0], [0.16327396044029552, -0.39002238621272384, 0], [-0.29835858250054126, -0.4242438213329593, 0], [-0.19246888733511103, -0.6169343359980431, 0], [0.049485774041878594, -0.6125581494534109, 0], [0.32553577050560533, -0.44433737081602254, 0]]
obj_polys = [[(0.021792915096553983, -0.04162910359710015), (-0.03255056676177179, -0.033887667641653185), (-0.021792915096553983, 0.04162910359710015), (0.03255056676177179, 0.033887667641653185), (0.021792915096553983, -0.04162910359710015)], [(-0.018221547154933945, 0.08237351047515662), (-0.06315947594900265, 0.0579341832399789), (-0.08397263164218388, 0.011365967117593745), (-0.07271109617282573, -0.03954366212869853), (-0.03367639332471058, -0.07534895648147), (0.018221547154933945, -0.08237351047515662), (0.06315947594900269, -0.057934183239978954), (0.08397263164218388, -0.011365967117593745), (0.07271109617282573, 0.03954366212869853), (0.03367639332471058, 0.07534895648147), (-0.018221547154933945, 0.08237351047515662)], [(0.0828225750769595, -0.033803027870118074), (0.08687379202004208, -0.0049380388924610275), (0.05774217314305791, 0.02581311310434725), (0.00655500670970699, 0.04670453325074014), (-0.047135949490268336, 0.049756409124049994), (-0.0828225750769595, 0.033803027870118074), (-0.08687379202004208, 0.0049380388924610275), (-0.05774217314305791, -0.02581311310434725), (-0.006555006709707045, -0.0467045332507402), (0.047135949490268336, -0.049756409124049994), (0.0828225750769595, -0.033803027870118074)], [(0.025030947463121067, -0.06617624046961657), (-0.0496918911003022, -0.050364264041776186), (-0.025030947463121067, 0.06617624046961657), (0.0496918911003022, 0.050364264041776186), (0.025030947463121067, -0.06617624046961657)], [(0.017233717221846634, -0.046972827138941076), (0.04155230515947936, -0.03842745583153734), (0.049999324837098624, -0.015204102497671623), (0.03934830184149299, 0.013826701221867466), (0.013667564942027144, 0.03757617502694288), (-0.017233717221846592, 0.04697282713894113), (-0.04155230515947936, 0.03842745583153734), (-0.049999324837098624, 0.015204102497671623), (-0.03934830184149299, -0.013826701221867466), (-0.013667564942027144, -0.03757617502694288), (0.017233717221846634, -0.046972827138941076)], [(0.015742151114071234, -0.060976026242542), (0.04857647674806717, -0.06327124306985776), (0.06285623931802042, -0.041398995554944085), (0.053127054873487345, -0.003713738838147629), (0.023105141189462913, 0.035390039889480696), (-0.015742151114071234, 0.060976026242542), (-0.04857647674806714, 0.06327124306985776), (-0.06285623931802037, 0.04139899555494414), (-0.053127054873487345, 0.003713738838147629), (-0.02310514118946294, -0.035390039889480696), (0.015742151114071234, -0.060976026242542)], [(0.0548232352626822, -0.031097243852808654), (0.06263143033774947, -0.014974455274465392), (0.04651654778781776, 0.00686806625570846), (0.012633925022248377, 0.026087219913187853), (-0.026074427690502104, 0.035341942235822654), (-0.05482323526268221, 0.031097243852808654), (-0.06263143033774948, 0.014974455274465392), (-0.04651654778781776, -0.00686806625570846), (-0.012633925022248388, -0.026087219913187853), (0.026074427690502097, -0.035341942235822654), (0.0548232352626822, -0.031097243852808654)]]
action_types = [1, 1, 0, 1, 1, 0, 0]
