obj_poses = [[0.05930278838366311, -0.389542288557214, 0.0], [-0.034401659026413414, -0.3523861602270247, 0.0], [-0.2246732695058875, -0.6273782326400352, 0.0], [-0.21277915881983678, -0.37659284369114876, 0.0], [-0.012154012545965806, -0.6140121133463119, 0.0], [0.24713453932438567, -0.49192722557219737, 0.0]]
obj_goal_poses = [[0.2777134711332859, -0.638511760513186, -0.06981317007977318], [0.12085496525442731, -0.634088321004259, 1.1868238913561442], [0.10325191675794088, -0.3764895947426068, -0.4188790204786391], [-0.18999596494546372, -0.35366912552802476, -3.07177948351002], [0.3045752058951019, -0.39090073688773297, 2.3736477827122884], [-0.16783553597650513, -0.611826725403818, -1.2566370614359172]]
obj_polys = [[(-0.02330278838366308, -0.05045771144278599), (-0.031302788383663085, -0.04045771144278598), (-0.029302788383663084, 0.041542288557214035), (-0.019302788383663075, 0.04954228855721399), (0.028697211616336912, 0.047542288557213985), (0.032697211616336916, -0.042457711442785984), (-0.02330278838366308, -0.05045771144278599)], [(-0.00959834097358657, -0.04561383977297534), (-0.03959834097358654, -0.025613839772975322), (-0.043598340973586544, 0.01638616022702466), (-0.015598340973586575, 0.044386160227024685), (0.014401659026413452, 0.044386160227024685), (0.03840165902641342, 0.024386160227024667), (0.04440165902641342, -0.013613839772975311), (0.02440165902641346, -0.039613839772975334), (-0.00959834097358657, -0.04561383977297534)], [(0.05267326950588752, -0.07662176735996473), (0.026673269505887526, -0.07862176735996473), (0.014673269505887515, -0.046621767359964816), (-0.05132673049411246, 0.023378232640035246), (-0.05132673049411246, 0.04137823264003526), (-0.025326730494112493, 0.05937823264003517), (0.004673269505887534, 0.05537823264003516), (0.05267326950588752, -0.07662176735996473)], [(0.06477915881983679, -0.04140715630885122), (-0.0672208411801632, -0.03940715630885122), (-0.06322084118016319, 0.04259284369114874), (0.06677915881983679, 0.03859284369114874), (0.06477915881983679, -0.04140715630885122)], [(0.02615401254596582, -0.10198788665368808), (-0.09784598745403418, 0.026012113346311927), (-0.02184598745403417, 0.10201211334631188), (0.09615401254596583, -0.02798788665368812), (0.02615401254596582, -0.10198788665368808)], [(0.07086546067561439, -0.14207277442780264), (-0.14513453932438564, -0.07207277442780269), (-0.06913453932438562, 0.1439272255721974), (0.14486546067561434, 0.06992722557219738), (0.07086546067561439, -0.14207277442780264)]]
action_types = [1, 0, 0, 0, 1, 1]
