obj_poses = [[0.31395944849959456, -0.6162430772795737, 0.0], [0.05872640562248998, -0.37187951807228925, 0.0], [0.3050055096418733, -0.39751695274422544, 0.0], [0.06202648316129709, -0.6156734438536128, 0.0]]
obj_goal_poses = [[0.3243990610328638, -0.3522777777777778, 0.0], [0.3048184636582845, -0.630356872201171, -1.53588974175501], [-0.18249355019629837, -0.6583140773976444, 1.53588974175501], [-0.18265466770106023, -0.4006782518748384, -1.53588974175501]]
obj_polys = [[(0.024040551500405516, -0.041756922720426304), (-0.02795944849959453, -0.0357569227204263), (-0.045959448499594546, -0.007756922720426274), (-0.033959448499594536, 0.03224307727957365), (0.010040551500405503, 0.04424307727957366), (0.03804055150040542, 0.024243077279573755), (0.04404055150040542, -0.009756922720426275), (0.024040551500405516, -0.041756922720426304)], [(-0.05272640562248997, -0.02612048192771077), (-0.05072640562248997, 0.027879518072289278), (0.05527359437751007, 0.021879518072289272), (0.05527359437751007, -0.01612048192771076), (0.04727359437751006, -0.02412048192771077), (-0.05272640562248997, -0.02612048192771077)], [(-0.0790055096418733, -0.12248304725577458), (-0.0770055096418733, 0.11951695274422541), (0.07699449035812672, 0.12351695274422542), (0.07899449035812672, -0.11848304725577458), (-0.0790055096418733, -0.12248304725577458)], [(0.10797351683870296, -0.1163265561463872), (-0.11802648316129707, -0.1083265561463872), (-0.11002648316129707, 0.11567344385361278), (0.11997351683870297, 0.10767344385361277), (0.10797351683870296, -0.1163265561463872)]]
action_types = [0, 0, 1, 1]
