obj_poses = [[-0.08427837214180824, -0.3837971470526537, 0.0], [-0.19853618106471152, -0.4866386143874189, 0.0], [0.045955041746949296, -0.5753474630700065, 0.0], [0.24838983050847466, -0.4651864406779661, 0.0]]
obj_goal_poses = [[0.24495377677564828, -0.6426799448828762, -2.303834612632515], [0.300822936357908, -0.5051745431632011, 0.767944870877505], [0.058752705410821664, -0.37476766867067457, 0.6283185307179586], [-0.14069300544245109, -0.5172910031579654, 3.07177948351002]]
obj_polys = [[(0.024278372141808238, -0.05020285294734628), (0.004278372141808276, -0.05020285294734628), (-0.05372162785819175, 0.005797147052653717), (-0.029721627858191754, 0.0477971470526537), (0.0002783721418082724, 0.0477971470526537), (0.04827837214180826, -0.00020285294734628811), (0.04827837214180826, -0.020202852947346306), (0.024278372141808238, -0.05020285294734628)], [(0.028536181064711535, -0.06736138561258115), (-0.02746381893528846, -0.009361385612581097), (-0.02746381893528846, 0.014638614387418925), (-0.0694638189352885, 0.044638614387418896), (-0.05346381893528848, 0.07063861438741892), (0.06253618106471154, -0.019361385612581106), (0.028536181064711535, -0.06736138561258115)], [(0.010044958253050754, -0.07065253692999351), (-0.06995504174694926, -0.022652536929993472), (-0.009955041746949264, 0.0713474630700065), (0.07004495825305075, 0.021347463070006456), (0.010044958253050754, -0.07065253692999351)], [(-0.04438983050847459, -0.09681355932203395), (-0.0643898305084746, 0.0831864406779661), (0.047610169491525384, 0.09518644067796611), (0.061610169491525396, -0.08481355932203394), (-0.04438983050847459, -0.09681355932203395)]]
action_types = [1, 0, 0, 1]
