obj_poses = [[-0.08844350282485876, -0.5465799788135592, 0.0], [-0.026735175998110084, -0.45312355303567214, 0.0], [-0.000387817660437056, -0.3102353406506477, 0.0], [-0.18643547663886642, -0.6637460317460316, 0.0], [0.19083615819209043, -0.3595141242937854, 0.0], [0.31554310930074675, -0.5938142113600361, 0.0], [-0.219208252238225, -0.3726822369274686, 0.0], [0.10465712947588031, -0.6098450206497212, 0.0]]
obj_goal_poses = [[0.18407878017789076, -0.3394479034307497, -2.5132741228718345], [-0.2717169459962756, -0.3359717730079388, -0.767944870877505], [-0.2615528570083781, -0.6462978443001035, -0.06981317007977318], [-0.2759728307013075, -0.48870300560366786, -1.6057029118347832], [0.19328752556237222, -0.48438200408997945, 0.4886921905584123], [0.18551982570806108, -0.6590884531590413, 1.53588974175501], [-0.040905465101602895, -0.6295954815095293, -1.117010721276371], [-0.03363302168797298, -0.389054124530942, 0.4886921905584123]]
obj_polys = [[(0.0704435028248588, -0.025420021186440822), (0.056443502824858785, -0.04742002118644073), (0.014443502824858803, -0.04942002118644073), (-0.05555649717514123, 0.012579978813559212), (-0.06555649717514121, 0.006579978813559206), (-0.06155649717514124, 0.028579978813559226), (-0.08355649717514123, 0.03457997881355923), (-0.08555649717514123, 0.04657997881355924), (-0.03955649717514122, 0.048579978813559244), (0.05444350282485878, 0.0045799788135592046), (0.0704435028248588, -0.025420021186440822)], [(0.032735175998110086, -0.034876446964327845), (0.014735175998110129, -0.04287644696432785), (-0.021264824001889903, -0.03687644696432785), (-0.041264824001889924, -0.012876446964327881), (-0.043264824001889926, 0.025123553035672153), (0.00473517599811012, 0.045123553035672115), (0.03473517599811009, 0.03312355303567216), (0.03473517599811009, 0.02312355303567215), (0.01673517599811013, 0.02112355303567215), (0.018735175998110077, 0.007123553035672137), (0.030735175998110088, 0.017123553035672145), (0.0467351759981101, 0.007123553035672137), (0.032735175998110086, -0.034876446964327845)], [(-0.05961218233956294, -0.019764659349352343), (-0.055612182339562936, 0.0282353406506477), (0.052387817660437104, 0.030235340650647646), (0.06238781766043706, 0.014235340650647688), (0.052387817660437104, -0.02776465934935235), (-0.04561218233956293, -0.03176465934935235), (-0.05961218233956294, -0.019764659349352343)], [(-0.037564523361133556, -0.034253968253968314), (-0.04956452336113357, -0.03225396825396831), (-0.05556452336113357, 0.033746031746031635), (0.05043547663886644, 0.03774603174603164), (0.05043547663886644, -0.03825396825396832), (-0.02356452336113357, -0.036253968253968316), (-0.037564523361133556, -0.034253968253968314)], [(0.01516384180790964, -0.07048587570621462), (-0.06683615819209043, -0.02248587570621463), (-0.012836158192090386, 0.0695141242937854), (0.06516384180790957, 0.025514124293785356), (0.01516384180790964, -0.07048587570621462)], [(-0.015543109300746705, -0.08018578863996395), (-0.037543109300746724, -0.06618578863996394), (-0.03554310930074672, 0.08181421136003608), (0.03445689069925323, 0.08181421136003608), (0.03845689069925323, -0.06018578863996393), (0.006456890699253315, -0.09418578863996385), (-0.015543109300746705, -0.08018578863996395)], [(0.05520825223822501, -0.09331776307253142), (-0.10879174776177497, -0.005317763072531401), (-0.05279174776177503, 0.09068223692746863), (0.105208252238225, 0.010682236927468614), (0.05520825223822501, -0.09331776307253142)], [(0.007342870524119735, -0.13015497935027875), (-0.11665712947588026, -0.0561549793502788), (-0.00865712947588028, 0.12984502064972125), (0.11734287052411967, 0.05584502064972119), (0.007342870524119735, -0.13015497935027875)]]
action_types = [0, 0, 0, 0, 0, 0, 1, 1]
