obj_poses = [[-0.0017192380952380797, -0.45817752380952376, 0.0], [0.2683648617243784, -0.4599260980711132, 0.0], [0.10434371938075646, -0.32667646482461293, 0.0], [-0.18189847383244906, -0.46352420252832904, 0.0], [0.21550214592274688, -0.6306008583690987, 0.0]]
obj_goal_poses = [[0.0024371224601867146, -0.506058209774849, 0.06981317007977318], [0.17583314372392872, -0.4911080773606371, 0.0], [0.20436524381820692, -0.6396405580881337, -1.6057029118347832], [0.1867788934829691, -0.33859683664763407, -1.4660765716752369], [-0.18851497443389328, -0.4990256878500122, 1.6057029118347832]]
obj_polys = [[(0.05771923809523813, -0.02582247619047623), (0.03971923809523811, -0.033822476190476236), (-0.05828076190476192, -0.02582247619047623), (-0.06028076190476192, 0.022177523809523758), (-0.04828076190476191, 0.03217752380952377), (0.051719238095238124, 0.028177523809523763), (0.059719238095238075, 0.018177523809523755), (0.05771923809523813, -0.02582247619047623)], [(0.05963513827562167, -0.03607390192888682), (-0.06236486172437833, -0.03207390192888682), (-0.06436486172437833, 0.03592609807111319), (0.05763513827562167, 0.031926098071113185), (0.06763513827562168, 0.009926098071113165), (0.05963513827562167, -0.03607390192888682)], [(-0.048343719380756406, -0.05132353517538707), (-0.05234371938075641, 0.05067646482461291), (0.04765628061924357, 0.05067646482461291), (0.053656280619243574, -0.04932353517538707), (-0.048343719380756406, -0.05132353517538707)], [(0.04989847383244908, -0.09447579747167101), (-0.062101526167550936, -0.086475797471671), (-0.050101526167550925, 0.09352420252832905), (0.061898473832449064, 0.08752420252832904), (0.04989847383244908, -0.09447579747167101)], [(-0.11550214592274685, -0.09339914163090124), (-0.11750214592274685, 0.0926008583690987), (0.11849785407725319, 0.0926008583690987), (0.11449785407725319, -0.09339914163090124), (-0.11550214592274685, -0.09339914163090124)]]
action_types = [0, 0, 1, 1, 1]
