obj_poses = [[-0.006745370370370349, -0.3621805555555556, 0.0], [-0.23985555147508866, -0.6005185457216307, 0.0], [0.1087576289021396, -0.35580030398690515, 0.0], [0.21828608364035945, -0.5930714239544956, 0.0], [0.2228212365591398, -0.3856424731182796, 0.0], [-0.20507542175338783, -0.3902696851171427, 0.0], [-0.018905593370819738, -0.5995900167702476, 0.0]]
obj_goal_poses = [[0.2046877637130802, -0.6356830168776372, 0.0], [0.060128643436335755, -0.35644510190664036, -0.4886921905584123], [0.04829765172308631, -0.6188063433973773, 0.0], [0.25800246002460037, -0.35712669126691265, 1.53588974175501], [-0.16225362205951085, -0.4775562133250247, -1.2566370614359172], [-0.15493013524620786, -0.3225134872599567, 1.7453292519943295], [-0.17890636704119847, -0.642754820936639, -0.20943951023931956]]
obj_polys = [[(0.04474537037037038, -0.0298194444444444), (-0.04325462962962964, -0.027819444444444397), (-0.047254629629629646, 0.0301805555555556), (0.04674537037037038, 0.026180555555555596), (0.04474537037037038, -0.0298194444444444)], [(-0.016144448524911342, -0.039481454278369355), (-0.04414444852491131, -0.01148145427836933), (-0.036144448524911305, 0.030518545721630597), (-0.01414444852491134, 0.040518545721630606), (0.033855551475088674, 0.030518545721630597), (0.04385555147508868, -0.005481454278369324), (0.03185555147508867, -0.03548145427836935), (-0.016144448524911342, -0.039481454278369355)], [(0.0032423710978604497, -0.08219969601309485), (-0.03875762890213959, 0.055800303986905164), (0.017242371097860407, 0.06580030398690517), (0.025242371097860414, -0.08219969601309485), (0.0032423710978604497, -0.08219969601309485)], [(0.037713916359640554, -0.0649285760455044), (-0.04428608364035941, -0.06292857604550439), (-0.0362860836403594, 0.06307142395449561), (0.04171391635964056, 0.06707142395449561), (0.037713916359640554, -0.0649285760455044)], [(-0.03482123655913974, -0.09035752688172038), (-0.05682123655913976, -0.03635752688172039), (-0.0028212365591398225, 0.0876424731182796), (0.06317876344086024, 0.06764247311827959), (0.009178763440860188, -0.07835752688172043), (-0.03482123655913974, -0.09035752688172038)], [(0.02707542175338784, -0.09773031488285727), (-0.06892457824661213, -0.0717303148828573), (-0.030924578246612155, 0.07626968511714272), (0.0070754217533878505, 0.09426968511714273), (0.06507542175338785, 0.08226968511714272), (0.02707542175338784, -0.09773031488285727)], [(-0.09909440662918026, -0.10640998322975237), (-0.14109440662918024, 0.057590016770247554), (0.10490559337081976, 0.1015900167702476), (0.14090559337081973, -0.05240998322975243), (-0.09909440662918026, -0.10640998322975237)]]
action_types = [1, 0, 0, 0, 0, 1, 1]
