obj_poses = [[-0.2501024375192842, -0.6516562789262573, 0.0], [0.3299591836734694, -0.3132680272108843, 0.0], [0.3162849228333993, -0.4841965439915578, 0.0], [-0.2332860684707496, -0.4036201930685235, 0.0], [0.02222972885523848, -0.38040937034879957, 0.0], [0.09985075016307894, -0.6046961513372472, 0.0]]
obj_goal_poses = [[0.23906063585709603, -0.5654441166830548, 2.234021442552742], [-0.15448456107071346, -0.4678598377068184, 0.2792526803190927], [-0.14249975161450562, -0.35589567809239947, 1.53588974175501], [0.24039332096474955, -0.6779744382601525, 1.6057029118347832], [-0.16575077186686704, -0.6292735560836041, -0.2792526803190927], [0.23148440847417273, -0.36950249940490354, -0.20943951023931956]]
obj_polys = [[(-0.027897562480715787, -0.04834372107374263), (-0.0458975624807158, 0.01765627892625732), (-0.023897562480715784, 0.04365627892625734), (0.03010243751928421, 0.04165627892625734), (0.0501024375192842, -0.008343721073742705), (0.014102437519284194, -0.044343721073742626), (-0.027897562480715787, -0.04834372107374263)], [(0.03204081632653061, -0.04673197278911567), (-0.04595918367346935, -0.02673197278911571), (-0.027959183673469334, 0.0492680272108843), (0.04404081632653062, 0.025268027210884336), (0.03204081632653061, -0.04673197278911567)], [(-0.03828492283339929, -0.06780345600844223), (-0.040284922833399295, 0.06219654399155783), (0.04171507716660067, 0.06419654399155783), (0.03771507716660066, -0.061803456008442226), (-0.03828492283339929, -0.06780345600844223)], [(-0.03871393152925043, -0.09037980693147651), (-0.036713931529250426, 0.061620193068523454), (0.0012860684707496073, 0.1056201930685235), (0.03928606847074961, 0.055620193068523505), (0.03928606847074961, -0.0743798069314765), (-0.03871393152925043, -0.09037980693147651)], [(-0.10022972885523844, -0.11159062965120042), (-0.1422297288552385, 0.04640937034879955), (0.09977027114476152, 0.11240937034879955), (0.14177027114476154, -0.04759062965120042), (-0.10022972885523844, -0.11159062965120042)], [(-0.08185075016307893, -0.1373038486627528), (-0.1358507501630789, 0.08469615133724717), (0.08414924983692111, 0.13669615133724716), (0.13414924983692106, -0.08530384866275276), (-0.08185075016307893, -0.1373038486627528)]]
action_types = [0, 0, 0, 0, 1, 1]
