obj_poses = [[-0.05474125703105891, -0.338496698459281, 0.0], [0.33050555905181456, -0.6515724774491293, 0.0], [-0.14334908136482938, -0.6674173228346456, 0.0], [0.1262434301521439, -0.34438450899031814, 0.0], [0.30153716571909883, -0.462801010739103, 0.0], [-0.2253102748169096, -0.4796449858603436, 0.0], [0.07487492347414093, -0.5769564800766589, 0.0]]
obj_goal_poses = [[0.010434321523258655, -0.6940935165100025, 0.2792526803190927], [0.1924858144724259, -0.6351376049304006, -0.06981317007977318], [0.19940365153886286, -0.4405496087636932, 1.6057029118347832], [0.026580422444561477, -0.3475901936691827, -1.4660765716752369], [0.027068800000000004, -0.5400293333333335, -0.4886921905584123], [-0.19344186046511624, -0.6459883720930232, -1.6755160819145565], [-0.1986578947368421, -0.3933245614035088, -0.6981317007977318]]
obj_polys = [[(-0.03325874296894106, -0.03350330154071901), (-0.04325874296894107, 0.01849669845928098), (-0.0152587429689411, 0.040496698459281), (0.026741257031058938, 0.036496698459280996), (0.04074125703105895, 0.012496698459280975), (0.03874125703105895, -0.023503301540719), (0.014741257031058927, -0.04150330154071902), (-0.03325874296894106, -0.03350330154071901)], [(-0.044505559051814525, -0.03642752255087067), (-0.044505559051814525, 0.03157247744912928), (0.04149444094818544, 0.041572477449129286), (0.04349444094818544, -0.03642752255087067), (-0.044505559051814525, -0.03642752255087067)], [(0.06734908136482942, -0.02458267716535434), (-0.07265091863517059, -0.018582677165354444), (-0.0846509186351706, 0.011417322834645582), (0.06334908136482942, 0.0294173228346456), (0.06734908136482942, -0.02458267716535434)], [(0.06575656984785616, -0.04361549100968187), (-0.0642434301521439, -0.03761549100968187), (-0.0662434301521439, 0.04438450899031815), (0.06575656984785616, 0.03638450899031814), (0.06575656984785616, -0.04361549100968187)], [(-0.009537165719098795, -0.10319898926089704), (-0.08753716571909875, 0.06080101073910299), (0.008462834280901221, 0.10080101073910303), (0.08846283428090118, -0.055198989260897), (-0.009537165719098795, -0.10319898926089704)], [(-0.06868972518309038, -0.11835501413965638), (-0.0886897251830904, 0.11964498586034361), (0.05931027481690962, 0.11764498586034361), (0.09931027481690963, -0.10835501413965637), (-0.06868972518309038, -0.11835501413965638)], [(-0.014874923474140933, -0.1550435199233411), (-0.1588749234741409, 0.010956480076658837), (0.017125076525859095, 0.1589564800766589), (0.15712507652585905, -0.01904351992334108), (-0.014874923474140933, -0.1550435199233411)]]
action_types = [0, 0, 0, 0, 1, 1, 1]
