obj_poses = [[0.16204938271604943, -0.4517853751187085, 0.0], [0.0644589787722318, -0.3457062535857716, 0.0], [-0.2261512893000942, -0.3094565236014735, 0.0], [-0.20556619900016126, -0.6757819706498951, 0.0], [0.29775699987330556, -0.33576485493475233, 0.0], [-0.1977010181748977, -0.4842772861356933, 0.0], [0.2630653774385072, -0.595438642917727, 0.0], [-0.0023481781376517956, -0.5739791831479671, 0.0]]
obj_goal_poses = [[0.19921463031526981, -0.3443132503085381, 2.5132741228718345], [0.3422341176470589, -0.3553382352941177, 0.20943951023931956], [0.33153002799602627, -0.5892930551792648, -1.3264502315156905], [0.18917284238328286, -0.59531546648023, 1.4660765716752369], [-0.006046209662020241, -0.34610107567946025, -1.1868238913561442], [-0.21300000000000002, -0.341, -1.53588974175501], [-0.013036086914903766, -0.603716026929581, 0.8377580409572782], [-0.22236609726500509, -0.5942811537384486, 3.07177948351002]]
obj_polys = [[(-0.0040493827160494045, -0.04421462488129152), (-0.040049382716049436, -0.028214624881291506), (-0.04804938271604939, 0.005785375118708469), (-0.024049382716049422, 0.0397853751187085), (0.005950617283950604, 0.04778537511870845), (0.03795061728395063, 0.025785375118708487), (0.04595061728395064, -0.006214624881291542), (0.03795061728395063, -0.03421462488129151), (-0.0040493827160494045, -0.04421462488129152)], [(0.021541021227768214, -0.054293746414228405), (-0.04845897877223179, -0.03429374641422839), (-0.02445897877223177, 0.05570625358577164), (0.05154102122776824, 0.029706253585771614), (0.021541021227768214, -0.054293746414228405)], [(0.07815128930009421, -0.032543476398526505), (0.00415128930009423, -0.032543476398526505), (-0.051848710699905765, -0.01454347639852649), (-0.053848710699905766, -0.0025434763985264786), (-0.08184871069990579, -0.006543476398526482), (-0.07384871069990578, 0.029456523601473494), (-0.04984871069990576, 0.0394565236014735), (0.03615128930009423, 0.01945652360147354), (0.08215128930009422, -0.0025434763985264786), (0.07815128930009421, -0.032543476398526505)], [(-0.06443380099983875, -0.024218029350104864), (-0.06643380099983875, 0.019781970649895064), (-0.056433800999838746, 0.031781970649895075), (0.06756619900016128, 0.031781970649895075), (0.06356619900016128, -0.028218029350104867), (-0.03843380099983873, -0.036218029350104874), (-0.06443380099983875, -0.024218029350104864)], [(0.028243000126694506, -0.07423514506524764), (-0.06375699987330558, -0.04423514506524767), (-0.015756999873305533, 0.07176485493475232), (0.062243000126694426, 0.04576485493475235), (0.0202430001266945, -0.06423514506524769), (0.024243000126694503, -0.0702351450652477), (0.028243000126694506, -0.07423514506524764)], [(-0.05629898182510229, -0.09372271386430675), (-0.05629898182510229, 0.0942772861356933), (0.055701018174897726, 0.0922772861356933), (0.05770101817489773, -0.09172271386430675), (-0.05629898182510229, -0.09372271386430675)], [(-0.03906537743850724, -0.14256135708227302), (-0.14306537743850722, -0.01656135708227302), (0.04293462256149283, 0.14343864291772696), (0.1409346225614928, 0.015438642917726897), (-0.03906537743850724, -0.14256135708227302)], [(-0.08765182186234817, -0.1260208168520328), (-0.08565182186234817, 0.12397918314796713), (0.08634817813765182, 0.12397918314796713), (0.08834817813765182, -0.12002081685203281), (-0.08765182186234817, -0.1260208168520328)]]
action_types = [0, 0, 0, 0, 0, 1, 1, 1]
