obj_poses = [[0.07355242746337261, -0.349123623479843, 0.0], [0.258607157616332, -0.47734143317629557, 0.0], [0.05209679821295608, -0.6301407297096052, 0.0], [0.06332429691101893, -0.484861533732903, 0.0], [-0.17491408234247352, -0.4904070856588208, 0.0]]
obj_goal_poses = [[0.03920110192837467, -0.6521900826446281, 0.13962634015954636], [-0.19451863572433192, -0.5021684247538678, 0.20943951023931956], [0.022796177956302136, -0.3607080518532043, 0.4886921905584123], [0.0319690690139984, -0.5091839354483769, 0.4188790204786391], [0.28022419753086425, -0.5170246913580246, -0.2792526803190927]]
obj_polys = [[(0.0604475725366274, -0.03887637652015702), (-0.011552427463372608, -0.026876376520157008), (-0.08155242746337261, 0.00512362347984302), (-0.07955242746337261, 0.031123623479842988), (0.06844757253662741, 0.019123623479842977), (0.0604475725366274, -0.03887637652015702)], [(0.019392842383668007, -0.06065856682370446), (-0.050607157616331944, -0.040658566823704445), (-0.02460715761633203, 0.05934143317629559), (0.04739284238366803, 0.04134143317629557), (0.049392842383668034, 0.021341433176295554), (0.019392842383668007, -0.06065856682370446)], [(0.03590320178704394, -0.06785927029039474), (-0.07409679821295605, -0.007859270290394793), (-0.04009679821295607, 0.06414072970960516), (0.015903201787043922, 0.04414072970960525), (0.07390320178704392, 0.002140729709605216), (0.03590320178704394, -0.06785927029039474)], [(0.06267570308898107, -0.09513846626709704), (-0.11332429691101892, -0.003138466267096962), (-0.07532429691101888, 0.06486153373290304), (-0.07332429691101888, 0.07086153373290305), (-0.07132429691101894, 0.076861533732903), (-0.06532429691101893, 0.09486153373290301), (0.11067570308898111, 0.006861533732903047), (0.06267570308898107, -0.09513846626709704)], [(-0.047085917657526455, -0.1415929143411792), (-0.11308591765752646, 0.09640708565882078), (0.046914082342473545, 0.14240708565882082), (0.11291408234247352, -0.09759291434117917), (-0.047085917657526455, -0.1415929143411792)]]
action_types = [0, 0, 0, 0, 1]
