obj_poses = [[0.1156537387527149, -0.42258641017685394, 0.0], [-0.2300365469439193, -0.6288918294475951, 0.0], [-0.03292332353726957, -0.3959681182652062, 0.0], [-0.0026176165803108707, -0.6028421416234887, 0.0], [0.2940164102564103, -0.3868, 0.0], [-0.2236765676567656, -0.4787260726072608, 0.0], [0.21874875711754485, -0.6234678570814196, 0.0]]
obj_goal_poses = [[0.25238612767837426, -0.4262937927987631, 1.53588974175501], [0.12813291536050161, -0.656940856844305, 0.4188790204786391], [0.1352228260869566, -0.4922186594202899, -3.001966313430247], [0.3602390080344152, -0.6501595495666476, -2.652900463031381], [0.2409529787122758, -0.6221602594277942, 1.0471975511965976], [-0.2385967970034017, -0.3471950464396285, 0.4886921905584123], [-0.24446450880181705, -0.5745496876774561, -1.4660765716752369]]
obj_polys = [[(0.034346261247285126, -0.04341358982314608), (-0.04765373875271489, -0.03141358982314607), (-0.03765373875271488, 0.04258641017685394), (0.05034626124728514, 0.03058641017685393), (0.034346261247285126, -0.04341358982314608)], [(-0.029963453056080697, -0.0411081705524049), (-0.027963453056080695, -0.02910817055240489), (-0.04996345305608066, -0.00910817055240487), (-0.0319634530560807, 0.03689182944759517), (0.01203654694391934, 0.044891829447595066), (0.038036546943919336, 0.030891829447595165), (0.046036546943919315, 0.00289182944759514), (0.03403654694391933, -0.03110817055240489), (0.014036546943919342, -0.0451081705524049), (-0.029963453056080697, -0.0411081705524049)], [(-0.025076676462730423, -0.08403188173479376), (-0.029076676462730426, 0.06196811826520621), (0.02292332353726962, 0.06396811826520621), (0.03692332353726958, 0.0559681182652062), (0.03292332353726957, -3.188173479379275e-05), (0.0029233235372696023, -0.07803188173479375), (-0.025076676462730423, -0.08403188173479376)], [(-0.013382383419689088, -0.07315785837651134), (-0.06738238341968913, -0.03715785837651131), (-0.025382383419689097, 0.05284214162348866), (0.010617616580310877, 0.07884214162348868), (0.07061761658031088, 0.016842141623488738), (0.012617616580310879, -0.06115785837651133), (-0.013382383419689088, -0.07315785837651134)], [(-0.08401641025641021, -0.05120000000000002), (-0.07201641025641031, 0.006799999999999973), (0.04398358974358979, 0.07279999999999998), (0.09798358974358973, 0.006799999999999973), (0.059983589743589694, -0.003200000000000036), (0.04398358974358979, -0.031200000000000006), (0.037983589743589785, -0.01720000000000005), (-0.018016410256410265, -0.06520000000000004), (-0.08401641025641021, -0.05120000000000002)], [(0.05367656765676562, -0.09127392739273926), (-0.10232343234323435, -0.007273927392739188), (-0.05032343234323436, 0.09272607260726079), (0.10167656765676564, 0.004726072607260823), (0.05367656765676562, -0.09127392739273926)], [(0.11525124288245522, -0.09053214291858036), (-0.12674875711754482, -0.06853214291858034), (-0.11474875711754481, 0.09146785708141958), (0.12725124288245512, 0.06746785708141956), (0.11525124288245522, -0.09053214291858036)]]
action_types = [0, 0, 0, 0, 0, 1, 1]
