obj_poses = [[0.04729610238510763, -0.6065828970331588, 0.0], [0.17843159324665245, -0.33984293938805876, 0.0], [-0.08525669902912619, -0.6392682200647251, 0.0], [-0.2772172383465259, -0.41641732629727357, 0.0], [-0.05989385025878417, -0.4479128170508246, 0.0], [0.2613506149479659, -0.6076654683065279, 0.0]]
obj_goal_poses = [[-0.25901877649909144, -0.33301433474661823, 0.2792526803190927], [0.3373192834562698, -0.3467235686687742, -1.8849555921538759], [0.1641728395061729, -0.35224691358024696, -0.767944870877505], [-0.2520765210899589, -0.5498182157521464, 3.141592653589793], [0.11524893797790998, -0.5983415463041631, -0.2792526803190927], [0.29001404718577406, -0.5926848641573285, 1.3962634015954636]]
obj_polys = [[(0.024703897614892376, -0.05341710296684121), (-0.049296102385107635, -0.033417102966841195), (-0.02329610238510761, 0.05458289703315877), (0.0487038976148924, 0.03258289703315875), (0.024703897614892376, -0.05341710296684121)], [(-0.04443159324665244, -0.05015706061194125), (-0.07443159324665241, 0.015842939388058752), (0.03756840675334763, 0.06184293938805874), (0.07156840675334755, -0.018157060611941223), (0.001568406753347601, -0.05015706061194125), (-0.04443159324665244, -0.05015706061194125)], [(0.02125669902912619, -0.07073177993527491), (-0.022743300970873792, -0.042731779935274994), (-0.06874330097087378, 0.021268220064725063), (-0.014743300970873785, 0.075268220064725), (0.07125669902912624, -0.01673177993527497), (0.02125669902912619, -0.07073177993527491)], [(-0.052782761653474064, -0.10358267370272645), (-0.0327827616534741, 0.09241732629727356), (0.01921723834652589, 0.15441732629727356), (0.05521723834652592, -0.09758267370272644), (-0.052782761653474064, -0.10358267370272645)], [(-0.02410614974121579, -0.10408718294917546), (-0.08410614974121582, 0.06991281705082458), (0.0278938502587842, 0.10191281705082461), (0.08189385025878419, -0.07008718294917543), (-0.02410614974121579, -0.10408718294917546)], [(-0.10735061494796588, -0.10433453169347207), (-0.1333506149479659, 0.06766546830652787), (0.11064938505203409, 0.1036654683065279), (0.1306493850520341, -0.06833453169347214), (-0.10735061494796588, -0.10433453169347207)]]
action_types = [0, 0, 0, 0, 1, 1]
