obj_poses = [[-0.13433727753727753, -0.6010087542087542, 0.0], [-0.2581140760737895, -0.4344031426297027, 0.0], [0.02487701352916751, -0.3938869145192665, 0.0], [0.2489703527611553, -0.5076683881192448, 0.0]]
obj_goal_poses = [[0.29891844175782006, -0.626408366916139, -1.53588974175501], [0.2600032362459547, -0.3644069579288026, -1.53588974175501], [-0.1872467878475355, -0.6392745477203385, -0.767944870877505], [-0.17566666666666664, -0.3936666666666666, 2.303834612632515]]
obj_polys = [[(0.03233727753727755, -0.09899124579124574), (-0.04166272246272246, -0.08899124579124573), (-0.03166272246272245, 0.09700875420875421), (0.04033727753727756, 0.09300875420875421), (0.03233727753727755, -0.09899124579124574)], [(0.028114076073789518, -0.11759685737029735), (-0.04588592392621049, -0.10359685737029733), (-0.03988592392621049, 0.09240314262970267), (0.006114076073789498, 0.14440314262970272), (0.03411407607378952, 0.10240314262970268), (0.04811407607378951, -0.10559685737029734), (0.028114076073789518, -0.11759685737029735)], [(-0.02487701352916751, -0.12611308548073352), (-0.12487701352916748, -0.02811308548073349), (0.023122986470832534, 0.12788691451926648), (0.1251229864708325, 0.0238869145192665), (-0.02487701352916751, -0.12611308548073352)], [(0.007029647238844694, -0.15633161188075528), (-0.15497035276115528, -0.010331611880755265), (-0.006970352761155318, 0.15766838811924477), (0.15502964723884471, 0.007668388119244751), (0.007029647238844694, -0.15633161188075528)]]
action_types = [0, 0, 1, 1]
