obj_poses = [[0.036171769168247096, -0.3597218459315452, 0.0], [0.32900988700564976, -0.35991896186440675, 0.0], [0.18303215686274513, -0.5672953725490196, 0.0], [0.32380377689942913, -0.5693368467281512, 0.0], [0.03165004887585533, -0.58090172193398, 0.0], [0.184494623655914, -0.36179928315412185, 0.0], [-0.2016890574214518, -0.364496388587938, 0.0], [-0.18545961002785516, -0.597238625812442, 0.0]]
obj_goal_poses = [[0.3246462984723854, -0.3499866823345084, 3.141592653589793], [-0.27392994746059546, -0.3666250243237984, -0.20943951023931956], [-0.2738253787878788, -0.5679679924242425, 0.0], [-0.16812254650964326, -0.5710667349377027, -0.06981317007977318], [0.17916165951359092, -0.3560858369098713, 0.06981317007977318], [-0.15764896390832986, -0.36430986688623573, 0.0], [0.15240985339399796, -0.5751938967783446, 1.53588974175501], [0.31751033252230343, -0.5777546147607461, 1.53588974175501]]
obj_polys = [[(-0.024171769168247086, -0.05827815406845477), (-0.034171769168247094, -0.0342781540684548), (-0.03217176916824709, 0.04972184593154522), (-0.022171769168247084, 0.057721845931545224), (0.025828230831752903, 0.057721845931545224), (0.03382823083175291, 0.0337218459315452), (0.03182823083175291, -0.05627815406845477), (-0.024171769168247086, -0.05827815406845477)], [(-0.03300988700564972, -0.05208103813559323), (-0.04300988700564973, 0.03991896186440674), (-0.029009887005649715, 0.04991896186440675), (0.03499011299435023, 0.04991896186440675), (0.03699011299435023, -0.014081038135593249), (0.050990112994350245, -0.044081038135593276), (-0.03300988700564972, -0.05208103813559323)], [(0.01696784313725494, -0.0927046274509804), (-0.023032156862745096, -0.07670462745098039), (-0.035032156862745106, 0.05129537254901961), (-0.019032156862745092, 0.06929537254901963), (0.03696784313725485, 0.06729537254901963), (0.034967843137254845, 0.0032953725490195707), (0.008967843137254933, -0.04070462745098036), (0.020967843137254943, -0.04670462745098036), (0.01696784313725494, -0.0927046274509804)], [(-0.001803776899429066, -0.10066315327184883), (-0.0038037768994290677, -0.0746631532718488), (-0.023803776899429085, -0.054663153271848786), (-0.03180377689942909, 0.037336846728151185), (-0.025803776899429087, 0.06533684672815121), (0.020196223100570843, 0.06933684672815121), (0.03219622310057085, 0.049336846728151196), (0.024196223100570846, -0.04866315327184878), (0.006196223100570941, -0.0726631532718488), (0.010196223100570945, -0.09666315327184882), (-0.001803776899429066, -0.10066315327184883)], [(-0.023650048875855326, -0.06909827806601998), (-0.03765004887585534, -0.05709827806601997), (-0.03165004887585533, 0.05690172193398002), (-0.023650048875855326, 0.06690172193398003), (0.024349951124144717, 0.06290172193398003), (0.03634995112414467, 0.05490172193398002), (0.03634995112414467, -0.053098278066019966), (-0.023650048875855326, -0.06909827806601998)], [(-0.04449462365591397, -0.05620071684587813), (-0.048494623655913977, 0.05579928315412186), (0.045505376344085996, 0.05579928315412186), (0.047505376344086, -0.05620071684587813), (-0.04449462365591397, -0.05620071684587813)], [(-0.08431094257854818, -0.045503611412061995), (-0.08231094257854818, 0.04249638858793797), (0.0836890574214518, 0.046496388587937976), (0.0816890574214518, -0.04350361141206205), (-0.08431094257854818, -0.045503611412061995)], [(-0.12254038997214484, -0.08876137418755803), (-0.11854038997214483, 0.09123862581244202), (0.12145961002785516, 0.08723862581244202), (0.12145961002785516, -0.08876137418755803), (-0.12254038997214484, -0.08876137418755803)]]
action_types = [0, 0, 0, 0, 0, 0, 1, 1]
