obj_poses = [[-0.053054928017718696, -0.6407173864894795, 0.0], [0.24757093425605542, -0.5869594212016359, 0.0], [0.10032781414452578, -0.6173407778205624, 0.0], [-0.23431925554760202, -0.5848447864471488, 0.0], [-0.182, -0.349, 0.0]]
obj_goal_poses = [[-0.2418860493417412, -0.5028823984954088, 1.3264502315156905], [0.2082888183828478, -0.3914504374579366, -1.3962634015954636], [-0.07641199347635173, -0.37878484506335464, 1.53588974175501], [-0.06810185012147257, -0.5879791939201398, 1.53588974175501], [0.21577358490566045, -0.5894046121593293, -0.06981317007977318]]
obj_polys = [[(-0.04294507198228128, -0.027282613510520526), (-0.04494507198228128, 0.0047173864894795026), (-0.028945071982281266, 0.03671738648947953), (0.01905492801771872, 0.042717386489479536), (0.035054928017718735, 0.030717386489479526), (0.04705492801771869, -0.011282613510520512), (0.027054928017718728, -0.037282613510520535), (-0.006945071982281302, -0.04128261351052054), (-0.04294507198228128, -0.027282613510520526)], [(-0.025570934256055444, -0.08904057879836413), (-0.023570934256055442, 0.04095942120163587), (-0.011570934256055432, 0.06495942120163589), (0.03442906574394461, 0.058959421201635887), (0.042429065743944616, 0.04295942120163587), (0.014429065743944591, -0.019040578798364072), (0.020429065743944597, -0.03904057879836409), (0.008429065743944586, -0.031040578798364082), (-0.001570934256055423, -0.0490405787983641), (0.006429065743944584, -0.08104057879836413), (-0.025570934256055444, -0.08904057879836413)], [(-0.04432781414452573, -0.05665922217943764), (-0.05032781414452574, 0.051340777820562344), (0.041672185855474234, 0.05934077782056235), (0.05167218585547424, -0.05265922217943764), (-0.04432781414452573, -0.05665922217943764)], [(-0.06568074445239797, -0.08715521355285127), (-0.06768074445239797, 0.07684478644714876), (0.06231925554760204, 0.09284478644714877), (0.06831925554760204, -0.08115521355285127), (-0.06568074445239797, -0.08715521355285127)], [(-0.12, -0.08300000000000002), (-0.124, 0.07899999999999996), (0.12, 0.08299999999999996), (0.124, -0.07900000000000001), (-0.12, -0.08300000000000002)]]
action_types = [0, 0, 0, 0, 1]
